0.048221912751454266  -0.005084056850816587  -0.8371902423422644  -0.8365239177222359  -0.949132778507033  -0.9352732264104426  -0.7485690678784891  -0.7367084896419838  -0.7297787135936886  -0.7423056164502222  0.5586265716931975  0.5954076907187644  -0.4182053212684156  -0.999906714553196  -0.9447350360148457  -0.9507319575951012  -0.9463342151029138  -0.3152873387208517  
0.048221912751454266  -0.005084056850816587  -0.8371902423422644  -0.8365239177222359  -0.949132778507033  -0.9352732264104426  -0.7485690678784891  -0.7367084896419838  -0.7297787135936886  -0.7423056164502222  0.5586265716931975  0.5954076907187644  -0.4315318136689833  -0.999906714553196  -0.9379385248905562  -0.9478001292669763  -0.9458011554068911  0.1366376697628986  
0.10152788235372512  0.10152788235372512  -0.8362573878742245  -0.8359908580262132  -0.9283434503621475  -0.9318083383862951  -0.760562911039  -0.7545659894587444  -0.7297787135936886  -0.7423056164502222  0.5770171312059811  0.540236012180414  -0.4315318136689833  -0.999906714553196  -0.9440687113948173  -0.9503321628230842  -0.9466007449509252  0.010539185377937077  
0.10152788235372512  0.10152788235372512  -0.8362573878742245  -0.8359908580262132  -0.9283434503621475  -0.9318083383862951  -0.760562911039  -0.7545659894587444  -0.7297787135936886  -0.7423056164502222  0.5770171312059811  0.540236012180414  -0.4315318136689833  -0.999906714553196  -0.9444685061668343  -0.9503321628230842  -0.947133804646948  -0.2749544437480079  
0.10152788235372512  0.10152788235372512  -0.8362573878742245  -0.8359908580262132  -0.9283434503621475  -0.9318083383862951  -0.760562911039  -0.7545659894587444  -0.7297787135936886  -0.7423056164502222  0.5770171312059811  0.540236012180414  -0.444858306069551  -0.9998800615683949  -0.9375387301185392  -0.9466007449509252  -0.9432691218507833  0.36994065506289764  
0.10152788235372512  0.10152788235372512  -0.8362573878742245  -0.8359908580262132  -0.9283434503621475  -0.9318083383862951  -0.760562911039  -0.7545659894587444  -0.7297787135936886  -0.7423056164502222  0.5770171312059811  0.540236012180414  -0.444858306069551  -0.9998800615683949  -0.9387381144345902  -0.9462009501789082  -0.9428693270787663  -0.03769377132062368  
0.10152788235372512  0.10152788235372512  -0.8362573878742245  -0.8359908580262132  -0.9283434503621475  -0.9318083383862951  -0.760562911039  -0.7545659894587444  -0.7297787135936886  -0.7423056164502222  0.5770171312059811  0.540236012180414  -0.4182053212684156  -0.999906714553196  -0.9395377039786244  -0.9505986926710955  -0.9410036181426867  -0.07003238393279321  
0.06154840515202187  0.06154840515202187  -0.8370569774182586  -0.8366571826462416  -0.9300758943742212  -0.9266110063500737  -0.7485690678784891  -0.7538996648387162  -0.7297787135936886  -0.7423056164502222  0.6965557680390733  0.7885085656029909  -0.4315318136689833  -0.999906714553196  -0.9426027972307549  -0.9509984874431126  -0.9447350360148457  0.19122660065178865  
0.06154840515202187  0.06154840515202187  -0.8370569774182586  -0.8366571826462416  -0.9300758943742212  -0.9266110063500737  -0.7485690678784891  -0.7538996648387162  -0.7297787135936886  -0.7423056164502222  0.6965557680390733  0.7885085656029909  -0.4315318136689833  -0.999906714553196  -0.9450015658628571  -0.949132778507033  -0.9458011554068911  0.16434843438642122  
0.10152788235372512  0.10152788235372512  -0.8355910632541962  -0.8365239177222359  -0.9179487862897047  -0.9162163422776308  -0.7545659894587444  -0.7485690678784891  -0.7297787135936886  -0.7423056164502222  0.5126501729112387  0.668969928769898  -0.4315318136689833  -0.999906714553196  -0.949132778507033  -0.9540635806952431  -0.9507319575951012  0.16243559602194613  
0.10152788235372512  0.10152788235372512  -0.8355910632541962  -0.8365239177222359  -0.9179487862897047  -0.9162163422776308  -0.7545659894587444  -0.7485690678784891  -0.7297787135936886  -0.7423056164502222  0.5126501729112387  0.668969928769898  -0.4315318136689833  -0.999906714553196  -0.9450015658628571  -0.9499323680510672  -0.9466007449509252  -0.16075699209627037  
0.10152788235372512  0.10152788235372512  -0.8355910632541962  -0.8365239177222359  -0.9179487862897047  -0.9162163422776308  -0.7545659894587444  -0.7485690678784891  -0.7297787135936886  -0.7423056164502222  0.5126501729112387  0.668969928769898  -0.4315318136689833  -0.999906714553196  -0.9436689166228003  -0.948732983735016  -0.9450015658628571  -0.2893147571358289  
0.10152788235372512  0.10152788235372512  -0.8355910632541962  -0.8365239177222359  -0.9179487862897047  -0.9162163422776308  -0.7545659894587444  -0.7485690678784891  -0.7297787135936886  -0.7423056164502222  0.5126501729112387  0.668969928769898  -0.4315318136689833  -0.999906714553196  -0.9440687113948173  -0.9481999240389933  -0.9450015658628571  0.4127369043687905  
0.10152788235372512  0.10152788235372512  -0.8355910632541962  -0.8365239177222359  -0.9179487862897047  -0.9162163422776308  -0.7545659894587444  -0.7485690678784891  -0.7297787135936886  -0.7423056164502222  0.5126501729112387  0.668969928769898  -0.4182053212684156  -0.999906714553196  -0.949132778507033  -0.9540635806952431  -0.9507319575951012  0.03682426459571886  
0.10152788235372512  0.10152788235372512  -0.8355910632541962  -0.8365239177222359  -0.9179487862897047  -0.9162163422776308  -0.7545659894587444  -0.7485690678784891  -0.7297787135936886  -0.7423056164502222  0.5126501729112387  0.668969928769898  -0.4182053212684156  -0.999906714553196  -0.949132778507033  -0.9540635806952431  -0.9507319575951012  0.03682426459571886  
0.0882013899531573  0.06154840515202187  -0.8357243281782019  -0.8363906527982302  -0.9110190102414094  -0.8867647940723762  -0.7545659894587444  -0.6949965684282069  -0.7297787135936886  -0.7423056164502222  0.4482832146164968  0.540236012180414  -0.4182053212684156  -0.999906714553196  -0.949132778507033  -0.9540635806952431  -0.9507319575951012  0.03682426459571886  
0.07487489755258969  0.06154840515202187  -0.8343916789381451  -0.8353245334061848  -0.9525976665311806  -0.923146118325926  -0.7367084896419838  -0.6474209905581801  -0.6909986207080365  -0.7072569414367291  0.42989265510371344  0.641384089500723  -0.4182053212684156  -0.999906714553196  -0.9391379092066072  -0.9467340098749308  -0.9360728159544767  -0.11817443669967054  
0.10152788235372512  0.10152788235372512  -0.8370569774182586  -0.8374567721902757  -0.9352732264104426  -0.8832999060482286  -0.7427054112222393  -0.6175696475809085  -0.6909986207080365  -0.7072569414367291  0.3655256968089713  0.5126501729112387  -0.4182053212684156  -0.999906714553196  -0.9242122377179715  -0.9390046442826016  -0.9263444765020623  -0.05054061742741778  
0.10152788235372512  0.10152788235372512  -0.8370569774182586  -0.8374567721902757  -0.9352732264104426  -0.8832999060482286  -0.7427054112222393  -0.6175696475809085  -0.6909986207080365  -0.7072569414367291  0.3655256968089713  0.5126501729112387  -0.4048788288678479  -0.999906714553196  -0.9203475549218068  -0.9370056704225165  -0.9252783571100168  0.1697859575525702  
0.10152788235372512  0.10152788235372512  -0.8370569774182586  -0.8374567721902757  -0.9352732264104426  -0.8832999060482286  -0.7427054112222393  -0.6175696475809085  -0.6909986207080365  -0.7072569414367291  0.3655256968089713  0.5126501729112387  -0.4048788288678479  -0.999906714553196  -0.9256781518820338  -0.9408703532186811  -0.9275438608181134  0.4157998962483038  
0.10152788235372512  0.10152788235372512  -0.8370569774182586  -0.8374567721902757  -0.9352732264104426  -0.8832999060482286  -0.7427054112222393  -0.6175696475809085  -0.6909986207080365  -0.7072569414367291  0.3655256968089713  0.5126501729112387  -0.444858306069551  -0.9998800615683949  -0.9375387301185392  -0.9440687113948173  -0.9395377039786244  0.36740133263423647  
0.048221912751454266  0.048221912751454266  -0.8354577983301905  -0.8371902423422644  -0.9214136743138522  -0.9023567901810404  -0.7427054112222393  -0.6295634907414194  -0.6860678185198266  -0.7223158778493707  0.49425961339845537  0.6965557680390733  -0.4581847984701187  -0.9998800615683949  -0.9391379092066072  -0.9450015658628571  -0.9383383196625732  -0.33734803888469833  
0.048221912751454266  0.048221912751454266  -0.8354577983301905  -0.8371902423422644  -0.9214136743138522  -0.9023567901810404  -0.7427054112222393  -0.6295634907414194  -0.6860678185198266  -0.7223158778493707  0.49425961339845537  0.6965557680390733  -0.4315318136689833  -0.9998800615683949  -0.9399374987506414  -0.9496658382030557  -0.9411368830666924  -0.16611408079119494  
0.10152788235372512  0.10152788235372512  -0.8366571826462416  -0.8367904475702472  -0.9075541222172618  -0.8936945701206713  -0.7307115680617283  -0.6295634907414194  -0.6860678185198266  -0.7223158778493707  0.42069737534732177  0.6505793692571147  -0.4315318136689833  -0.9998800615683949  -0.9300758943742212  -0.9446017710908401  -0.9323413980823178  0.15899587252179703  
0.10152788235372512  0.10152788235372512  -0.8366571826462416  -0.8367904475702472  -0.9075541222172618  -0.8936945701206713  -0.7307115680617283  -0.6295634907414194  -0.6860678185198266  -0.7223158778493707  0.42069737534732177  0.6505793692571147  -0.4315318136689833  -0.9998800615683949  -0.9290097749821759  -0.9430025920027719  -0.9311420137662667  -0.04093805598638656  
0.10152788235372512  0.10152788235372512  -0.8366571826462416  -0.8367904475702472  -0.9075541222172618  -0.8936945701206713  -0.7307115680617283  -0.6295634907414194  -0.6860678185198266  -0.7223158778493707  0.42069737534732177  0.6505793692571147  -0.4048788288678479  -0.999906714553196  -0.9392711741306129  -0.948333188962999  -0.9415366778387094  0.42847979349505905  
0.10152788235372512  0.10152788235372512  -0.8366571826462416  -0.8367904475702472  -0.9075541222172618  -0.8936945701206713  -0.7307115680617283  -0.6295634907414194  -0.6860678185198266  -0.7223158778493707  0.42069737534732177  0.6505793692571147  -0.4182053212684156  -0.999906714553196  -0.9432691218507833  -0.9499323680510672  -0.9440687113948173  -0.25374129483395147  
0.06154840515202187  0.048221912751454266  -0.8341251490901338  -0.836923712494253  -0.9179487862897047  -0.9006243461689666  -0.7068571466647121  -0.6474209905581801  -0.7335101314658475  -0.7272466800375808  0.33793985753979605  0.6965557680390733  -0.4315318136689833  -0.9999333675379971  -0.9416699427627151  -0.948732983735016  -0.9454013606348741  0.0683591582651164  
0.06154840515202187  0.048221912751454266  -0.8341251490901338  -0.836923712494253  -0.9179487862897047  -0.9006243461689666  -0.7068571466647121  -0.6474209905581801  -0.7335101314658475  -0.7272466800375808  0.33793985753979605  0.6965557680390733  -0.4182053212684156  -0.999906714553196  -0.93474016671442  -0.9468672747989365  -0.940470558446664  0.012837276510293094  
0.0882013899531573  0.03489542035088644  -0.8363906527982302  -0.8367904475702472  -0.897159458144819  -0.8936945701206713  -0.7248479114054786  -0.6474209905581801  -0.7335101314658475  -0.7272466800375808  0.30115873851422936  0.6321888097443311  -0.4048788288678479  -0.999906714553196  -0.9350066965624313  -0.9468672747989365  -0.9419364726107264  -0.3722404052391284  
0.0882013899531573  0.03489542035088644  -0.8363906527982302  -0.8367904475702472  -0.897159458144819  -0.8936945701206713  -0.7248479114054786  -0.6474209905581801  -0.7335101314658475  -0.7272466800375808  0.30115873851422936  0.6321888097443311  -0.4048788288678479  -0.999906714553196  -0.9335407823983688  -0.9456678904828855  -0.9388713793585959  -0.5261255700888934  
0.0882013899531573  0.03489542035088644  -0.8363906527982302  -0.8367904475702472  -0.897159458144819  -0.8936945701206713  -0.7248479114054786  -0.6474209905581801  -0.7335101314658475  -0.7272466800375808  0.30115873851422936  0.6321888097443311  -0.4182053212684156  -0.999906714553196  -0.9339405771703859  -0.9454013606348741  -0.93967096890263  -0.3445414289037032  
0.0882013899531573  0.03489542035088644  -0.8363906527982302  -0.8367904475702472  -0.897159458144819  -0.8936945701206713  -0.7248479114054786  -0.6474209905581801  -0.7335101314658475  -0.7272466800375808  0.30115873851422936  0.6321888097443311  -0.4182053212684156  -0.999906714553196  -0.9379385248905562  -0.9466007449509252  -0.9395377039786244  -0.25859282055630384  
0.06154840515202187  0.06154840515202187  -0.8362573878742245  -0.8375900371142814  -0.9092865662293356  -0.8832999060482286  -0.7068571466647121  -0.6532846472144299  -0.7197838442932627  -0.713520392864996  0.46667377412928035  0.7425321668210318  -0.4581847984701187  -0.9998800615683949  -0.9416699427627151  -0.9462009501789082  -0.9436689166228003  0.715684333543495  
0.06154840515202187  0.06154840515202187  -0.8362573878742245  -0.8375900371142814  -0.9092865662293356  -0.8832999060482286  -0.7068571466647121  -0.6532846472144299  -0.7197838442932627  -0.713520392864996  0.46667377412928035  0.7425321668210318  -0.444858306069551  -0.999906714553196  -0.9364726107264937  -0.948333188962999  -0.9414034129147038  -0.33149002424361906  
0.03489542035088644  0.10152788235372512  -0.8361241229502189  -0.8367904475702472  -0.9196812303017784  -0.9023567901810404  -0.7188509898252231  -0.6592815687946854  -0.7197838442932627  -0.713520392864996  0.4115020955909301  0.6229935299879394  -0.4182053212684156  -0.999906714553196  -0.9372722002705278  -0.9509984874431126  -0.9427360621547606  -0.286136213993486  
0.03489542035088644  0.10152788235372512  -0.8361241229502189  -0.8367904475702472  -0.9196812303017784  -0.9023567901810404  -0.7188509898252231  -0.6592815687946854  -0.7197838442932627  -0.713520392864996  0.4115020955909301  0.6229935299879394  -0.4182053212684156  -0.999906714553196  -0.9386048495105845  -0.947533599418965  -0.9411368830666924  0.09556855727058133  
0.03489542035088644  0.10152788235372512  -0.8361241229502189  -0.8367904475702472  -0.9196812303017784  -0.9023567901810404  -0.7188509898252231  -0.6592815687946854  -0.7197838442932627  -0.713520392864996  0.4115020955909301  0.6229935299879394  -0.4048788288678479  -0.999906714553196  -0.9392711741306129  -0.9508652225191069  -0.9428693270787663  0.17704720974259147  
0.03489542035088644  0.10152788235372512  -0.8361241229502189  -0.8367904475702472  -0.9196812303017784  -0.9023567901810404  -0.7188509898252231  -0.6592815687946854  -0.7197838442932627  -0.713520392864996  0.4115020955909301  0.6229935299879394  -0.4182053212684156  -0.9998800615683949  -0.9330077227023461  -0.9460676852549025  -0.9382050547385675  0.16680938237135456  
0.03489542035088644  0.10152788235372512  -0.8361241229502189  -0.8367904475702472  -0.9196812303017784  -0.9023567901810404  -0.7188509898252231  -0.6592815687946854  -0.7197838442932627  -0.713520392864996  0.4115020955909301  0.6229935299879394  -0.4182053212684156  -0.9998800615683949  -0.9403372935226584  -0.9462009501789082  -0.9416699427627151  0.396938267092092  
0.06154840515202187  0.06154840515202187  -0.8350580035581735  -0.8361241229502189  -0.914483898265557  -0.8988919021568929  -0.6949965684282069  -0.6592815687946854  -0.7335101314658475  -0.6923312699480932  0.4115020955909301  0.5862124109623728  -0.4182053212684156  -0.999906714553196  -0.9440687113948173  -0.9511317523671182  -0.9499323680510672  -0.2844513329723144  
0.06154840515202187  0.06154840515202187  -0.8350580035581735  -0.8361241229502189  -0.914483898265557  -0.8988919021568929  -0.6949965684282069  -0.6592815687946854  -0.7335101314658475  -0.6923312699480932  0.4115020955909301  0.5862124109623728  -0.4315318136689833  -0.999906714553196  -0.9338073122463801  -0.9462009501789082  -0.9423362673827436  -0.2918577061071055  
0.0882013899531573  0.0882013899531573  -0.8355910632541962  -0.8374567721902757  -0.9092865662293356  -0.8919621261085976  -0.7068571466647121  -0.6949965684282069  -0.7335101314658475  -0.6923312699480932  0.2827681790014458  0.5126501729112387  -0.4182053212684156  -0.9998800615683949  -0.93967096890263  -0.947133804646948  -0.9416699427627151  -0.16089841308948394  
0.0882013899531573  0.0882013899531573  -0.8355910632541962  -0.8374567721902757  -0.9092865662293356  -0.8919621261085976  -0.7068571466647121  -0.6949965684282069  -0.7335101314658475  -0.6923312699480932  0.2827681790014458  0.5126501729112387  -0.4315318136689833  -0.9998800615683949  -0.9383383196625732  -0.9468672747989365  -0.9406038233706697  -0.5494290205191077  
0.0882013899531573  0.0882013899531573  -0.8355910632541962  -0.8374567721902757  -0.9092865662293356  -0.8919621261085976  -0.7068571466647121  -0.6949965684282069  -0.7335101314658475  -0.6923312699480932  0.2827681790014458  0.5126501729112387  -0.4182053212684156  -0.9998800615683949  -0.9388713793585959  -0.9493993083550444  -0.9419364726107264  -0.3698553730954758  
0.0882013899531573  0.0882013899531573  -0.8355910632541962  -0.8374567721902757  -0.9092865662293356  -0.8919621261085976  -0.7068571466647121  -0.6949965684282069  -0.7335101314658475  -0.6923312699480932  0.2827681790014458  0.5126501729112387  -0.4182053212684156  -0.9998800615683949  -0.9395377039786244  -0.9481999240389933  -0.9458011554068911  -0.018761476559036705  
0.06154840515202187  0.06154840515202187  -0.8349247386341678  -0.8362573878742245  -0.9266110063500737  -0.9110190102414094  -0.6949965684282069  -0.6889996468479513  -0.7585639371789148  -0.7560319036228069  0.4023068158345382  0.540236012180414  -0.4315318136689833  -0.9998667350759943  -0.9444685061668343  -0.94953257327905  -0.9444685061668343  -0.6419068905524341  
0.06154840515202187  0.06154840515202187  -0.8349247386341678  -0.8362573878742245  -0.9266110063500737  -0.9110190102414094  -0.6949965684282069  -0.6889996468479513  -0.7585639371789148  -0.7560319036228069  0.4023068158345382  0.540236012180414  -0.4315318136689833  -0.9998800615683949  -0.9436689166228003  -0.9511317523671182  -0.9466007449509252  -0.2595435001312236  
0.06154840515202187  0.06154840515202187  -0.8349247386341678  -0.8362573878742245  -0.9266110063500737  -0.9110190102414094  -0.6949965684282069  -0.6889996468479513  -0.7585639371789148  -0.7560319036228069  0.4023068158345382  0.540236012180414  -0.4048788288678479  -0.9998800615683949  -0.9446017710908401  -0.9584613231874305  -0.9519313419111523  -0.07813506594113395  
0.0882013899531573  0.07487489755258969  -0.8353245334061848  -0.8370569774182586  -0.9110190102414094  -0.897159458144819  -0.7068571466647121  -0.7068571466647121  -0.7585639371789148  -0.7560319036228069  0.30115873851422936  0.45747849437288846  -0.4048788288678479  -0.999906714553196  -0.9364726107264937  -0.9492660434310387  -0.9424695323067492  -0.030751720331788746  
0.0882013899531573  0.07487489755258969  -0.8353245334061848  -0.8370569774182586  -0.9110190102414094  -0.897159458144819  -0.7068571466647121  -0.7068571466647121  -0.7585639371789148  -0.7560319036228069  0.30115873851422936  0.45747849437288846  -0.4048788288678479  -0.999906714553196  -0.9352732264104426  -0.9489995135830274  -0.9428693270787663  -0.41001149182736907  
0.0882013899531573  0.07487489755258969  -0.8353245334061848  -0.8370569774182586  -0.9110190102414094  -0.897159458144819  -0.7068571466647121  -0.7068571466647121  -0.7585639371789148  -0.7560319036228069  0.30115873851422936  0.45747849437288846  -0.4048788288678479  -0.9998800615683949  -0.9383383196625732  -0.9488662486590217  -0.9420697375347322  0.07131092865202215  
0.0882013899531573  0.07487489755258969  -0.8353245334061848  -0.8370569774182586  -0.9110190102414094  -0.897159458144819  -0.7068571466647121  -0.7068571466647121  -0.7585639371789148  -0.7560319036228069  0.30115873851422936  0.45747849437288846  -0.4048788288678479  -0.9998800615683949  -0.9383383196625732  -0.9474003344949593  -0.9436689166228003  -0.5510568350720432  
0.0882013899531573  0.048221912751454266  -0.8345249438621507  -0.8353245334061848  -0.9283434503621475  -0.9162163422776308  -0.6949965684282069  -0.7009934900084622  -0.7085895906767858  -0.7297787135936886  0.30115873851422936  0.45747849437288846  -0.4048788288678479  -0.9998667350759943  -0.9424695323067492  -0.94953257327905  -0.9474003344949593  -0.10229915956882007  
0.0882013899531573  0.048221912751454266  -0.8345249438621507  -0.8353245334061848  -0.9283434503621475  -0.9162163422776308  -0.6949965684282069  -0.7009934900084622  -0.7085895906767858  -0.7297787135936886  0.30115873851422936  0.45747849437288846  -0.4182053212684156  -0.9998800615683949  -0.9418032076867208  -0.9551297000872885  -0.947533599418965  -0.02787084551146357  
0.0882013899531573  0.048221912751454266  -0.8345249438621507  -0.8353245334061848  -0.9283434503621475  -0.9162163422776308  -0.6949965684282069  -0.7009934900084622  -0.7085895906767858  -0.7297787135936886  0.30115873851422936  0.45747849437288846  -0.4182053212684156  -0.9998800615683949  -0.9432691218507833  -0.9507319575951012  -0.9460676852549025  -0.2847463743591133  
0.07487489755258969  0.07487489755258969  -0.8366571826462416  -0.8371902423422644  -0.9075541222172618  -0.914483898265557  -0.6949965684282069  -0.7068571466647121  -0.7047249078806213  -0.7423056164502222  0.30115873851422936  0.45747849437288846  -0.4315318136689833  -0.9998800615683949  -0.9532639911512091  -0.9556627597833113  -0.9540635806952431  0.19385614723677658  
0.0882013899531573  0.0882013899531573  -0.8346582087861565  -0.836923712494253  -0.8746376859878595  -0.8919621261085976  -0.7068571466647121  -0.7188509898252231  -0.7047249078806213  -0.7423056164502222  0.42069737534732177  0.5586265716931975  -0.4048788288678479  -0.999906714553196  -0.9536637859232261  -0.956195819479334  -0.9544633754672601  0.33012211670688685  
0.0882013899531573  0.0882013899531573  -0.8346582087861565  -0.836923712494253  -0.8746376859878595  -0.8919621261085976  -0.7068571466647121  -0.7188509898252231  -0.7047249078806213  -0.7423056164502222  0.42069737534732177  0.5586265716931975  -0.39155233646728016  -0.999906714553196  -0.9540635806952431  -0.956995409023368  -0.9548631702392771  0.7829637570181347  
0.0882013899531573  0.0882013899531573  -0.8346582087861565  -0.836923712494253  -0.8746376859878595  -0.8919621261085976  -0.7068571466647121  -0.7188509898252231  -0.7047249078806213  -0.7423056164502222  0.42069737534732177  0.5586265716931975  -0.39155233646728016  -0.999906714553196  -0.9478001292669763  -0.9511317523671182  -0.948732983735016  1.0  
0.0882013899531573  0.0882013899531573  -0.8346582087861565  -0.836923712494253  -0.8746376859878595  -0.8919621261085976  -0.7068571466647121  -0.7188509898252231  -0.7047249078806213  -0.7423056164502222  0.42069737534732177  0.5586265716931975  -0.39155233646728016  -0.999906714553196  -0.9387381144345902  -0.9493993083550444  -0.9464674800269195  0.6436505251445772  
0.06154840515202187  0.02156892795031884  -0.8358575931022075  -0.8370569774182586  -0.897159458144819  -0.8988919021568929  -0.6831359901917016  -0.7068571466647121  -0.6985947213763601  -0.7172518107371549  0.33793985753979605  0.6137982502315478  -0.39155233646728016  -0.999906714553196  -0.9380717898145619  -0.9489995135830274  -0.9456678904828855  -0.252226256975015  
0.10152788235372512  0.07487489755258969  -0.8355910632541962  -0.836923712494253  -0.8954270141327452  -0.8867647940723762  -0.6831359901917016  -0.6831359901917016  -0.6985947213763601  -0.7172518107371549  0.4115020955909301  0.5494312919368058  -0.39155233646728016  -0.999906714553196  -0.9450015658628571  -0.9499323680510672  -0.9454013606348741  -0.1369607454592935  
0.10152788235372512  0.07487489755258969  -0.8355910632541962  -0.836923712494253  -0.8954270141327452  -0.8867647940723762  -0.6831359901917016  -0.6831359901917016  -0.6985947213763601  -0.7172518107371549  0.4115020955909301  0.5494312919368058  -0.4315318136689833  -0.9998800615683949  -0.9440687113948173  -0.9470005397229422  -0.9450015658628571  0.10135410249065302  
0.10152788235372512  0.07487489755258969  -0.8355910632541962  -0.836923712494253  -0.8954270141327452  -0.8867647940723762  -0.6831359901917016  -0.6831359901917016  -0.6985947213763601  -0.7172518107371549  0.4115020955909301  0.5494312919368058  -0.4581847984701187  -0.9998534085835937  -0.9346069017904143  -0.9414034129147038  -0.936339345802488  0.053513489550503834  
0.10152788235372512  0.07487489755258969  -0.8355910632541962  -0.836923712494253  -0.8954270141327452  -0.8867647940723762  -0.6831359901917016  -0.6831359901917016  -0.6985947213763601  -0.7172518107371549  0.4115020955909301  0.5494312919368058  -0.4581847984701187  -0.999906714553196  -0.9298093645262099  -0.9414034129147038  -0.9352732264104426  0.03726961381039562  
0.10152788235372512  0.07487489755258969  -0.8355910632541962  -0.836923712494253  -0.8954270141327452  -0.8867647940723762  -0.6831359901917016  -0.6831359901917016  -0.6985947213763601  -0.7172518107371549  0.4115020955909301  0.5494312919368058  -0.4581847984701187  -0.999906714553196  -0.9395377039786244  -0.9444685061668343  -0.9375387301185392  -0.5871943181268133  
0.06154840515202187  0.02156892795031884  -0.8373235072662699  -0.8363906527982302  -0.9196812303017784  -0.8902296820965238  -0.6771390686114461  -0.6949965684282069  -0.6985947213763601  -0.7172518107371549  0.46667377412928035  0.5494312919368058  -0.4048788288678479  -0.999906714553196  -0.9432691218507833  -0.9481999240389933  -0.9407370882946754  -0.33065074472696376  
0.06154840515202187  0.02156892795031884  -0.8373235072662699  -0.8363906527982302  -0.9196812303017784  -0.8902296820965238  -0.6771390686114461  -0.6949965684282069  -0.6985947213763601  -0.7172518107371549  0.46667377412928035  0.5494312919368058  -0.4182053212684156  -0.999906714553196  -0.9370056704225165  -0.9424695323067492  -0.9354064913344483  -0.588896033460673  
0.06154840515202187  0.02156892795031884  -0.8373235072662699  -0.8363906527982302  -0.9196812303017784  -0.8902296820965238  -0.6771390686114461  -0.6949965684282069  -0.6985947213763601  -0.7172518107371549  0.46667377412928035  0.5494312919368058  -0.4182053212684156  -0.999906714553196  -0.9358062861064653  -0.9446017710908401  -0.9394044390546187  -0.31808002990052775  
0.06154840515202187  0.02156892795031884  -0.8373235072662699  -0.8363906527982302  -0.9196812303017784  -0.8902296820965238  -0.6771390686114461  -0.6949965684282069  -0.6985947213763601  -0.7172518107371549  0.46667377412928035  0.5494312919368058  -0.4315318136689833  -0.999906714553196  -0.9350066965624313  -0.9464674800269195  -0.9458011554068911  0.07807023479326536  
-0.005084056850816587  0.048221912751454266  -0.8379898318862984  -0.8383896266583154  -0.914483898265557  -0.879835018024081  -0.6771390686114461  -0.7068571466647121  -0.6923312699480932  -0.7047249078806213  0.5218454526676306  0.668969928769898  -0.4182053212684156  -0.999906714553196  -0.9350066965624313  -0.9443352412428286  -0.9342071070183973  -0.22495131981452365  
0.10152788235372512  0.06154840515202187  -0.8355910632541962  -0.8373235072662699  -0.8850323500603023  -0.8746376859878595  -0.6889996468479513  -0.6949965684282069  -0.6923312699480932  -0.7047249078806213  0.540236012180414  0.6781652085262897  -0.4315318136689833  -0.999906714553196  -0.9338073122463801  -0.9432691218507833  -0.9328744577783404  0.2441873578216358  
0.10152788235372512  0.06154840515202187  -0.8355910632541962  -0.8373235072662699  -0.8850323500603023  -0.8746376859878595  -0.6889996468479513  -0.6949965684282069  -0.6923312699480932  -0.7047249078806213  0.540236012180414  0.6781652085262897  -0.444858306069551  -0.9998800615683949  -0.9375387301185392  -0.9450015658628571  -0.9366058756504994  0.0516629214275246  
0.10152788235372512  0.06154840515202187  -0.8355910632541962  -0.8373235072662699  -0.8850323500603023  -0.8746376859878595  -0.6889996468479513  -0.6949965684282069  -0.6923312699480932  -0.7047249078806213  0.540236012180414  0.6781652085262897  -0.444858306069551  -0.9998800615683949  -0.9315418085382837  -0.9408703532186811  -0.9334075174743631  -0.4666254727409247  
0.07487489755258969  0.048221912751454266  -0.8374567721902757  -0.8379898318862984  -0.8936945701206713  -0.8832999060482286  -0.6771390686114461  -0.6949965684282069  -0.7072569414367291  -0.7172518107371549  0.540236012180414  0.6597746490135064  -0.444858306069551  -0.999906714553196  -0.9364726107264937  -0.9444685061668343  -0.9406038233706697  -1.0  
0.07487489755258969  0.048221912751454266  -0.8374567721902757  -0.8379898318862984  -0.8936945701206713  -0.8832999060482286  -0.6771390686114461  -0.6949965684282069  -0.7072569414367291  -0.7172518107371549  0.540236012180414  0.6597746490135064  -0.4048788288678479  -0.999906714553196  -0.9478001292669763  -0.9540635806952431  -0.9466007449509252  0.12975822276260085  
0.048221912751454266  0.10152788235372512  -0.8362573878742245  -0.8367904475702472  -0.9092865662293356  -0.9006243461689666  -0.6771390686114461  -0.7068571466647121  -0.7072569414367291  -0.7172518107371549  0.5126501729112387  0.4850643336420637  -0.39155233646728016  -0.999906714553196  -0.9424695323067492  -0.9532639911512091  -0.9499323680510672  -0.5176754873390401  
0.048221912751454266  0.10152788235372512  -0.8362573878742245  -0.8367904475702472  -0.9092865662293356  -0.9006243461689666  -0.6771390686114461  -0.7068571466647121  -0.7072569414367291  -0.7172518107371549  0.5126501729112387  0.4850643336420637  -0.39155233646728016  -0.999906714553196  -0.9358062861064653  -0.9440687113948173  -0.9403372935226584  -0.23956289329473401  
0.048221912751454266  0.10152788235372512  -0.8362573878742245  -0.8367904475702472  -0.9092865662293356  -0.9006243461689666  -0.6771390686114461  -0.7068571466647121  -0.7072569414367291  -0.7172518107371549  0.5126501729112387  0.4850643336420637  -0.4182053212684156  -0.999906714553196  -0.9346069017904143  -0.9432691218507833  -0.9395377039786244  -0.6793495644146567  
0.048221912751454266  0.10152788235372512  -0.8362573878742245  -0.8367904475702472  -0.9092865662293356  -0.9006243461689666  -0.6771390686114461  -0.7068571466647121  -0.7072569414367291  -0.7172518107371549  0.5126501729112387  0.4850643336420637  -0.4182053212684156  -0.999906714553196  -0.9320748682343064  -0.9419364726107264  -0.9354064913344483  -0.660529329653112  
0.06154840515202187  0.06154840515202187  -0.8366571826462416  -0.8387894214303324  -0.9075541222172618  -0.88849723808445  -0.6889996468479513  -0.7188509898252231  -0.7172518107371549  -0.7235152621654217  0.46667377412928035  0.6505793692571147  -0.4315318136689833  -0.999906714553196  -0.9327411928543348  -0.9423362673827436  -0.9387381144345902  0.2618960302323836  
0.06154840515202187  0.06154840515202187  -0.8366571826462416  -0.8387894214303324  -0.9075541222172618  -0.88849723808445  -0.6889996468479513  -0.7188509898252231  -0.7172518107371549  -0.7235152621654217  0.46667377412928035  0.6505793692571147  -0.444858306069551  -0.999906714553196  -0.9444685061668343  -0.9511317523671182  -0.9478001292669763  -0.156826568562777  
0.10152788235372512  0.10152788235372512  -0.8365239177222359  -0.8382563617343097  -0.8902296820965238  -0.8555808018550477  -0.6949965684282069  -0.6889996468479513  -0.7172518107371549  -0.7235152621654217  0.5770171312059811  0.6505793692571147  -0.4315318136689833  -0.999906714553196  -0.9383383196625732  -0.9456678904828855  -0.9416699427627151  -0.4855318733024806  
0.10152788235372512  0.10152788235372512  -0.8365239177222359  -0.8382563617343097  -0.8902296820965238  -0.8555808018550477  -0.6949965684282069  -0.6889996468479513  -0.7172518107371549  -0.7235152621654217  0.5770171312059811  0.6505793692571147  -0.444858306069551  -0.999906714553196  -0.9403372935226584  -0.9470005397229422  -0.9436689166228003  -0.5887570200958185  
0.10152788235372512  0.10152788235372512  -0.8365239177222359  -0.8382563617343097  -0.8902296820965238  -0.8555808018550477  -0.6949965684282069  -0.6889996468479513  -0.7172518107371549  -0.7235152621654217  0.5770171312059811  0.6505793692571147  -0.444858306069551  -0.999906714553196  -0.9366058756504994  -0.9406038233706697  -0.9386048495105845  -0.13602967388445064  
0.10152788235372512  0.10152788235372512  -0.8365239177222359  -0.8382563617343097  -0.8902296820965238  -0.8555808018550477  -0.6949965684282069  -0.6889996468479513  -0.7172518107371549  -0.7235152621654217  0.5770171312059811  0.6505793692571147  -0.444858306069551  -0.999906714553196  -0.9407370882946754  -0.9474003344949593  -0.9440687113948173  0.15449777255762376  
0.10152788235372512  0.10152788235372512  -0.8365239177222359  -0.8382563617343097  -0.8902296820965238  -0.8555808018550477  -0.6949965684282069  -0.6889996468479513  -0.7172518107371549  -0.7235152621654217  0.5770171312059811  0.6505793692571147  -0.4315318136689833  -0.9999333675379971  -0.9342071070183973  -0.9440687113948173  -0.9375387301185392  0.1197437521736664  
0.0882013899531573  0.02156892795031884  -0.8375900371142814  -0.8381230968103041  -0.9110190102414094  -0.8815674620361548  -0.6949965684282069  -0.6949965684282069  -0.7172518107371549  -0.7235152621654217  0.6229935299879394  0.6046029704751561  -0.4315318136689833  -0.999906714553196  -0.9416699427627151  -0.9474003344949593  -0.9450015658628571  -0.5381393389493886  
0.0882013899531573  0.02156892795031884  -0.8375900371142814  -0.8381230968103041  -0.9110190102414094  -0.8815674620361548  -0.6949965684282069  -0.6949965684282069  -0.7172518107371549  -0.7235152621654217  0.6229935299879394  0.6046029704751561  -0.444858306069551  -0.999906714553196  -0.9454013606348741  -0.9532639911512091  -0.9481999240389933  0.21330299470092995  
0.0882013899531573  0.02156892795031884  -0.8375900371142814  -0.8381230968103041  -0.9110190102414094  -0.8815674620361548  -0.6949965684282069  -0.6949965684282069  -0.7172518107371549  -0.7235152621654217  0.6229935299879394  0.6046029704751561  -0.444858306069551  -1.0  -0.9444685061668343  -0.9454013606348741  -0.9407370882946754  0.00830952375711047  
0.0882013899531573  0.02156892795031884  -0.8375900371142814  -0.8381230968103041  -0.9110190102414094  -0.8815674620361548  -0.6949965684282069  -0.6949965684282069  -0.7172518107371549  -0.7235152621654217  0.6229935299879394  0.6046029704751561  -0.444858306069551  -0.9999333675379971  -0.9440687113948173  -0.9503321628230842  -0.9470005397229422  -0.5573265466034364  
0.0882013899531573  0.02156892795031884  -0.8375900371142814  -0.8381230968103041  -0.9110190102414094  -0.8815674620361548  -0.6949965684282069  -0.6949965684282069  -0.7172518107371549  -0.7235152621654217  0.6229935299879394  0.6046029704751561  -0.444858306069551  -0.9999333675379971  -0.9403372935226584  -0.9466007449509252  -0.9474003344949593  -0.08075285551222267  
0.06154840515202187  0.06154840515202187  -0.8350580035581735  -0.8355910632541962  -0.8954270141327452  -0.8936945701206713  -0.7188509898252231  -0.7307115680617283  -0.7797530600958175  -0.7834844779679764  0.7333368870646402  0.6781652085262897  -0.444858306069551  -0.999906714553196  -0.9503321628230842  -0.9544633754672601  -0.948732983735016  0.5457699109721943  
0.02156892795031884  0.008242435549751015  -0.8379898318862984  -0.8381230968103041  -0.9006243461689666  -0.8954270141327452  -0.7307115680617283  -0.7427054112222393  -0.7797530600958175  -0.7834844779679764  0.5586265716931975  0.6965557680390733  -0.444858306069551  -0.9999333675379971  -0.9462009501789082  -0.9545966403912658  -0.9470005397229422  0.3972077497344033  
0.02156892795031884  0.008242435549751015  -0.8379898318862984  -0.8381230968103041  -0.9006243461689666  -0.8954270141327452  -0.7307115680617283  -0.7427054112222393  -0.7797530600958175  -0.7834844779679764  0.5586265716931975  0.6965557680390733  -0.4048788288678479  -0.999906714553196  -0.915283487809591  -0.9283434503621475  -0.9179487862897047  -0.23814887005383656  
0.02156892795031884  0.008242435549751015  -0.8379898318862984  -0.8381230968103041  -0.9006243461689666  -0.8954270141327452  -0.7307115680617283  -0.7427054112222393  -0.7797530600958175  -0.7834844779679764  0.5586265716931975  0.6965557680390733  -0.4182053212684156  -0.9998933880607954  -0.9383383196625732  -0.9440687113948173  -0.9436689166228003  -0.18406832630049397  
0.06154840515202187  0.06154840515202187  -0.8366571826462416  -0.8359908580262132  -0.9110190102414094  -0.9110190102414094  -0.7367084896419838  -0.7427054112222393  -0.7709575751114428  -0.7797530600958175  0.6046029704751561  0.6965557680390733  -0.39155233646728016  -0.9998667350759943  -0.9383383196625732  -0.9456678904828855  -0.9403372935226584  -0.5236396892716958  
0.06154840515202187  0.06154840515202187  -0.8366571826462416  -0.8359908580262132  -0.9110190102414094  -0.9110190102414094  -0.7367084896419838  -0.7427054112222393  -0.7709575751114428  -0.7797530600958175  0.6046029704751561  0.6965557680390733  -0.4315318136689833  -0.9998800615683949  -0.9420697375347322  -0.9532639911512091  -0.9468672747989365  -0.632044984878952  
0.10152788235372512  0.048221912751454266  -0.837723302038287  -0.8379898318862984  -0.879835018024081  -0.9092865662293356  -0.7248479114054786  -0.7545659894587444  -0.7709575751114428  -0.7797530600958175  0.5126501729112387  0.5586265716931975  -0.4182053212684156  -0.9998800615683949  -0.9327411928543348  -0.9463342151029138  -0.9384715845865789  0.5551200111011323  
0.10152788235372512  0.048221912751454266  -0.837723302038287  -0.8379898318862984  -0.879835018024081  -0.9092865662293356  -0.7248479114054786  -0.7545659894587444  -0.7709575751114428  -0.7797530600958175  0.5126501729112387  0.5586265716931975  -0.4182053212684156  -0.999906714553196  -0.9350066965624313  -0.9462009501789082  -0.9392711741306129  0.23352273889676756  
0.10152788235372512  0.048221912751454266  -0.837723302038287  -0.8379898318862984  -0.879835018024081  -0.9092865662293356  -0.7248479114054786  -0.7545659894587444  -0.7709575751114428  -0.7797530600958175  0.5126501729112387  0.5586265716931975  -0.4315318136689833  -0.9998800615683949  -0.9399374987506414  -0.9458011554068911  -0.9416699427627151  -0.49269595239603503  
0.06154840515202187  0.06154840515202187  -0.8365239177222359  -0.8362573878742245  -0.9040892341931142  -0.9162163422776308  -0.7068571466647121  -0.7664265676952497  -0.6760729492194006  -0.7085895906767858  0.6505793692571147  0.6965557680390733  -0.4182053212684156  -0.9998800615683949  -0.9366058756504994  -0.9432691218507833  -0.9391379092066072  -0.14312650833304985  
0.06154840515202187  0.06154840515202187  -0.8365239177222359  -0.8362573878742245  -0.9040892341931142  -0.9162163422776308  -0.7068571466647121  -0.7664265676952497  -0.6760729492194006  -0.7085895906767858  0.6505793692571147  0.6965557680390733  -0.39155233646728016  -0.999906714553196  -0.9328744577783404  -0.9446017710908401  -0.9395377039786244  -0.5811783135142818  
0.10152788235372512  0.10152788235372512  -0.8389226863543381  -0.8379898318862984  -0.8902296820965238  -0.8763701299999334  -0.7248479114054786  -0.7307115680617283  -0.6760729492194006  -0.7085895906767858  0.5310407324240223  0.46747336367331416  -0.39155233646728016  -0.999906714553196  -0.9342071070183973  -0.9432691218507833  -0.9390046442826016  -0.3770277064156836  
0.10152788235372512  0.10152788235372512  -0.8389226863543381  -0.8379898318862984  -0.8902296820965238  -0.8763701299999334  -0.7248479114054786  -0.7307115680617283  -0.6760729492194006  -0.7085895906767858  0.5310407324240223  0.46747336367331416  -0.39155233646728016  -0.999906714553196  -0.9326079279303291  -0.9426027972307549  -0.9384715845865789  -0.026480468145326785  
0.10152788235372512  0.10152788235372512  -0.8389226863543381  -0.8379898318862984  -0.8902296820965238  -0.8763701299999334  -0.7248479114054786  -0.7307115680617283  -0.6760729492194006  -0.7085895906767858  0.5310407324240223  0.46747336367331416  -0.4315318136689833  -0.999906714553196  -0.9379385248905562  -0.9444685061668343  -0.9412701479906981  0.05924389098802241  
0.10152788235372512  0.10152788235372512  -0.8389226863543381  -0.8379898318862984  -0.8902296820965238  -0.8763701299999334  -0.7248479114054786  -0.7307115680617283  -0.6760729492194006  -0.7085895906767858  0.5310407324240223  0.46747336367331416  -0.4315318136689833  -0.999906714553196  -0.9366058756504994  -0.9424695323067492  -0.9391379092066072  0.15749526466902486  
0.06154840515202187  0.06154840515202187  -0.8371902423422644  -0.8366571826462416  -0.9075541222172618  -0.905821678205188  -0.7188509898252231  -0.7248479114054786  -0.7822850936519253  -0.7672261572392838  0.7609227263338154  0.5586265716931975  -0.4315318136689833  -0.9998667350759943  -0.9344736368664086  -0.9448683009388514  -0.9343403719424029  -0.17723709972028934  
0.10152788235372512  0.10152788235372512  -0.8374567721902757  -0.837723302038287  -0.9110190102414094  -0.8988919021568929  -0.7307115680617283  -0.7485690678784891  -0.7822850936519253  -0.7672261572392838  0.6321888097443311  0.42069737534732177  -0.4315318136689833  -0.999906714553196  -0.9382050547385675  -0.947533599418965  -0.9411368830666924  0.2967281343813286  
0.10152788235372512  0.10152788235372512  -0.8374567721902757  -0.837723302038287  -0.9110190102414094  -0.8988919021568929  -0.7307115680617283  -0.7485690678784891  -0.7822850936519253  -0.7672261572392838  0.6321888097443311  0.42069737534732177  -0.4182053212684156  -0.999906714553196  -0.9336740473223745  -0.9423362673827436  -0.9366058756504994  0.03682426459571886  
0.10152788235372512  0.10152788235372512  -0.8374567721902757  -0.837723302038287  -0.9110190102414094  -0.8988919021568929  -0.7307115680617283  -0.7485690678784891  -0.7822850936519253  -0.7672261572392838  0.6321888097443311  0.42069737534732177  -0.4182053212684156  -0.999906714553196  -0.935139961486437  -0.9440687113948173  -0.9390046442826016  0.0334459647289751  
0.10152788235372512  0.10152788235372512  -0.8374567721902757  -0.837723302038287  -0.9110190102414094  -0.8988919021568929  -0.7307115680617283  -0.7485690678784891  -0.7822850936519253  -0.7672261572392838  0.6321888097443311  0.42069737534732177  -0.444858306069551  -0.999906714553196  -0.9390046442826016  -0.9470005397229422  -0.9403372935226584  0.7483210104876148  
0.07487489755258969  0.07487489755258969  -0.8359908580262132  -0.8353245334061848  -0.9127514542534833  -0.9075541222172618  -0.7188509898252231  -0.7427054112222393  -0.7323107471497965  -0.6947300385801956  0.8988519226796914  0.5862124109623728  -0.4315318136689833  -0.999906714553196  -0.9412701479906981  -0.9536637859232261  -0.9507319575951012  -0.15800180382620055  
0.048221912751454266  0.06154840515202187  -0.8361241229502189  -0.8363906527982302  -0.9179487862897047  -0.8919621261085976  -0.7188509898252231  -0.7545659894587444  -0.7323107471497965  -0.6947300385801956  0.8160944048721659  0.4850643336420637  -0.4048788288678479  -0.999906714553196  -0.9343403719424029  -0.9446017710908401  -0.9370056704225165  -0.4330665351234533  
0.048221912751454266  0.06154840515202187  -0.8361241229502189  -0.8363906527982302  -0.9179487862897047  -0.8919621261085976  -0.7188509898252231  -0.7545659894587444  -0.7323107471497965  -0.6947300385801956  0.8160944048721659  0.4850643336420637  -0.4182053212684156  -0.999906714553196  -0.9312752786902723  -0.9420697375347322  -0.9379385248905562  0.8624449980959674  
0.0882013899531573  0.0882013899531573  -0.8346582087861565  -0.8393224811263551  -0.8919621261085976  -0.9127514542534833  -0.7188509898252231  -0.7188509898252231  -0.6786049827755085  -0.7297787135936886  0.7241416073082485  0.5310407324240223  -0.4182053212684156  -0.999906714553196  -0.9312752786902723  -0.9407370882946754  -0.9366058756504994  0.16212847785265394  
0.0882013899531573  0.0882013899531573  -0.8346582087861565  -0.8393224811263551  -0.8919621261085976  -0.9127514542534833  -0.7188509898252231  -0.7188509898252231  -0.6786049827755085  -0.7297787135936886  0.7241416073082485  0.5310407324240223  -0.444858306069551  -0.999906714553196  -0.9311420137662667  -0.9432691218507833  -0.9330077227023461  0.30495364435312533  
0.10152788235372512  0.10152788235372512  -0.8358575931022075  -0.8385228915823211  -0.9006243461689666  -0.9023567901810404  -0.7367084896419838  -0.7128540682449676  -0.6786049827755085  -0.7297787135936886  0.668969928769898  0.633521458984388  -0.444858306069551  -0.999906714553196  -0.9311420137662667  -0.9432691218507833  -0.9330077227023461  0.30495364435312533  
0.10152788235372512  0.10152788235372512  -0.8358575931022075  -0.8385228915823211  -0.9006243461689666  -0.9023567901810404  -0.7367084896419838  -0.7128540682449676  -0.6786049827755085  -0.7297787135936886  0.668969928769898  0.633521458984388  -0.444858306069551  -0.999906714553196  -0.9311420137662667  -0.9432691218507833  -0.9330077227023461  0.30495364435312533  
0.07487489755258969  0.07487489755258969  -0.8346582087861565  -0.8391892162023494  -0.8919621261085976  -0.9110190102414094  -0.7307115680617283  -0.7068571466647121  -0.6872672028358776  -0.7060575571206781  0.6505793692571147  0.5678218514495892  -0.444858306069551  -0.999906714553196  -0.9311420137662667  -0.9432691218507833  -0.9330077227023461  0.30495364435312533  
0.10152788235372512  0.0882013899531573  -0.8350580035581735  -0.8379898318862984  -0.8867647940723762  -0.8988919021568929  -0.7367084896419838  -0.7009934900084622  -0.6872672028358776  -0.7060575571206781  0.5586265716931975  0.7241416073082485  -0.444858306069551  -0.999906714553196  -0.9311420137662667  -0.9432691218507833  -0.9330077227023461  0.30495364435312533  
0.10152788235372512  0.0882013899531573  -0.8350580035581735  -0.8379898318862984  -0.8867647940723762  -0.8988919021568929  -0.7367084896419838  -0.7009934900084622  -0.6872672028358776  -0.7060575571206781  0.5586265716931975  0.7241416073082485  -0.444858306069551  -0.999906714553196  -0.9278103906661247  -0.9388713793585959  -0.9331409876263518  0.7821232830364766  
0.10152788235372512  0.0882013899531573  -0.8350580035581735  -0.8379898318862984  -0.8867647940723762  -0.8988919021568929  -0.7367084896419838  -0.7009934900084622  -0.6872672028358776  -0.7060575571206781  0.5586265716931975  0.7241416073082485  -0.4315318136689833  -0.9999200410455966  -0.9310087488422609  -0.9440687113948173  -0.9322081331583121  0.5482165974083602  
0.06154840515202187  0.06154840515202187  -0.8345249438621507  -0.8393224811263551  -0.914483898265557  -0.9023567901810404  -0.7367084896419838  -0.6949965684282069  -0.7197838442932627  -0.7147197771810471  0.5586265716931975  0.8988519226796914  -0.4048788288678479  -0.999906714553196  -0.9322081331583121  -0.9456678904828855  -0.9339405771703859  0.6359350342359635  
0.06154840515202187  0.06154840515202187  -0.8345249438621507  -0.8393224811263551  -0.914483898265557  -0.9023567901810404  -0.7367084896419838  -0.6949965684282069  -0.7197838442932627  -0.7147197771810471  0.5586265716931975  0.8988519226796914  -0.4048788288678479  -0.999906714553196  -0.9312752786902723  -0.9395377039786244  -0.9354064913344483  0.31573605507133595  
0.10152788235372512  0.048221912751454266  -0.8343916789381451  -0.8385228915823211  -0.8809011374161264  -0.8954270141327452  -0.7307115680617283  -0.6889996468479513  -0.7197838442932627  -0.7147197771810471  0.6046029704751561  0.9908047202436083  -0.39155233646728016  -0.9998800615683949  -0.9342071070183973  -0.9424695323067492  -0.9383383196625732  0.7289662464877489  
0.10152788235372512  0.048221912751454266  -0.8343916789381451  -0.8385228915823211  -0.8809011374161264  -0.8954270141327452  -0.7307115680617283  -0.6889996468479513  -0.7197838442932627  -0.7147197771810471  0.6046029704751561  0.9908047202436083  -0.39155233646728016  -0.9998800615683949  -0.9391379092066072  -0.9474003344949593  -0.9432691218507833  -0.2784443488903984  
0.10152788235372512  0.048221912751454266  -0.8343916789381451  -0.8385228915823211  -0.8809011374161264  -0.8954270141327452  -0.7307115680617283  -0.6889996468479513  -0.7197838442932627  -0.7147197771810471  0.6046029704751561  0.9908047202436083  -0.39155233646728016  -0.9998667350759943  -0.9342071070183973  -0.9424695323067492  -0.9375387301185392  0.17136564742044147  
0.10152788235372512  0.048221912751454266  -0.8343916789381451  -0.8385228915823211  -0.8809011374161264  -0.8954270141327452  -0.7307115680617283  -0.6889996468479513  -0.7197838442932627  -0.7147197771810471  0.6046029704751561  0.9908047202436083  -0.39155233646728016  -0.9998667350759943  -0.9354064913344483  -0.9436689166228003  -0.9395377039786244  -0.11632532938674234  
0.10152788235372512  0.048221912751454266  -0.8343916789381451  -0.8385228915823211  -0.8809011374161264  -0.8954270141327452  -0.7307115680617283  -0.6889996468479513  -0.7197838442932627  -0.7147197771810471  0.6046029704751561  0.9908047202436083  -0.37822584406671245  -0.999906714553196  -0.9371389353465222  -0.9504654277470899  -0.9458011554068911  -0.13806704262592473  
0.0882013899531573  0.048221912751454266  -0.8355910632541962  -0.837723302038287  -0.914483898265557  -0.9040892341931142  -0.7307115680617283  -0.6889996468479513  -0.6610140128067592  -0.6735409156632928  0.6046029704751561  1.0  -0.37822584406671245  -0.999906714553196  -0.9282101854381417  -0.9456678904828855  -0.9354064913344483  0.21091790571672786  
0.0882013899531573  0.048221912751454266  -0.8355910632541962  -0.837723302038287  -0.914483898265557  -0.9040892341931142  -0.7307115680617283  -0.6889996468479513  -0.6610140128067592  -0.6735409156632928  0.6046029704751561  1.0  -0.444858306069551  -0.999906714553196  -0.9424695323067492  -0.9511317523671182  -0.948732983735016  -0.21884735693633073  
0.10152788235372512  0.07487489755258969  -0.8350580035581735  -0.8385228915823211  -0.9127514542534833  -0.8746376859878595  -0.7367084896419838  -0.7009934900084622  -0.6610140128067592  -0.6735409156632928  0.5862124109623728  0.8620708036541243  -0.444858306069551  -0.9998800615683949  -0.9370056704225165  -0.9478001292669763  -0.9462009501789082  0.37033085464215554  
0.10152788235372512  0.07487489755258969  -0.8350580035581735  -0.8385228915823211  -0.9127514542534833  -0.8746376859878595  -0.7367084896419838  -0.7009934900084622  -0.6610140128067592  -0.6735409156632928  0.5862124109623728  0.8620708036541243  -0.444858306069551  -0.9998800615683949  -0.9383383196625732  -0.9424695323067492  -0.9308754839182553  -0.054421972095067384  
0.10152788235372512  0.07487489755258969  -0.8350580035581735  -0.8385228915823211  -0.9127514542534833  -0.8746376859878595  -0.7367084896419838  -0.7009934900084622  -0.6610140128067592  -0.6735409156632928  0.5862124109623728  0.8620708036541243  -0.4315318136689833  -0.9998800615683949  -0.9379385248905562  -0.9462009501789082  -0.9420697375347322  0.856522659657357  
0.048221912751454266  0.02156892795031884  -0.8353245334061848  -0.8363906527982302  -0.9352732264104426  -0.9179487862897047  -0.7307115680617283  -0.6889996468479513  -0.6674107291590317  -0.6798043670915597  0.5586265716931975  0.8804613631669076  -0.4048788288678479  -0.9998800615683949  -0.9444685061668343  -0.9511317523671182  -0.9503321628230842  0.10991838899597539  
0.10152788235372512  0.10152788235372512  -0.8346582087861565  -0.8350580035581735  -0.914483898265557  -0.8763701299999334  -0.7367084896419838  -0.6711421470311907  -0.6674107291590317  -0.6798043670915597  0.5770171312059811  0.8988519226796914  -0.39155233646728016  -0.9998534085835937  -0.9403372935226584  -0.9478001292669763  -0.9440687113948173  -0.08154479185208507  
0.10152788235372512  0.10152788235372512  -0.8346582087861565  -0.8350580035581735  -0.914483898265557  -0.8763701299999334  -0.7367084896419838  -0.6711421470311907  -0.6674107291590317  -0.6798043670915597  0.5770171312059811  0.8988519226796914  -0.39155233646728016  -0.9998534085835937  -0.9416699427627151  -0.94953257327905  -0.9474003344949593  0.12331212675159309  
0.10152788235372512  0.10152788235372512  -0.8346582087861565  -0.8350580035581735  -0.914483898265557  -0.8763701299999334  -0.7367084896419838  -0.6711421470311907  -0.6674107291590317  -0.6798043670915597  0.5770171312059811  0.8988519226796914  -0.4048788288678479  -0.9998800615683949  -0.9358062861064653  -0.9460676852549025  -0.9407370882946754  0.0456999797009463  
0.10152788235372512  0.10152788235372512  -0.8346582087861565  -0.8350580035581735  -0.914483898265557  -0.8763701299999334  -0.7367084896419838  -0.6711421470311907  -0.6674107291590317  -0.6798043670915597  0.5770171312059811  0.8988519226796914  -0.39155233646728016  -0.9998800615683949  -0.9318083383862951  -0.9440687113948173  -0.9344736368664086  0.07765523152319953  
0.10152788235372512  0.10152788235372512  -0.8346582087861565  -0.8350580035581735  -0.914483898265557  -0.8763701299999334  -0.7367084896419838  -0.6711421470311907  -0.6674107291590317  -0.6798043670915597  0.5770171312059811  0.8988519226796914  -0.39155233646728016  -0.9998800615683949  -0.9485997188110104  -0.9499323680510672  -0.9466007449509252  -0.09439709206621216  
0.10152788235372512  0.10152788235372512  -0.8371902423422644  -0.837723302038287  -0.8867647940723762  -0.8521159138309001  -0.6949965684282069  -0.7248479114054786  -0.6674107291590317  -0.6798043670915597  0.4850643336420637  0.6229935299879394  -0.4182053212684156  -0.9998800615683949  -0.9432691218507833  -0.9499323680510672  -0.9424695323067492  -0.502979280435619  
0.10152788235372512  0.10152788235372512  -0.8371902423422644  -0.837723302038287  -0.8867647940723762  -0.8521159138309001  -0.6949965684282069  -0.7248479114054786  -0.6674107291590317  -0.6798043670915597  0.4850643336420637  0.6229935299879394  -0.39155233646728016  -0.9998800615683949  -0.9424695323067492  -0.9444685061668343  -0.9403372935226584  -0.25147929937424673  
0.10152788235372512  0.10152788235372512  -0.8371902423422644  -0.837723302038287  -0.8867647940723762  -0.8521159138309001  -0.6949965684282069  -0.7248479114054786  -0.6674107291590317  -0.6798043670915597  0.4850643336420637  0.6229935299879394  -0.39155233646728016  -0.9998800615683949  -0.9466007449509252  -0.949132778507033  -0.9450015658628571  0.1005205730011387  
0.10152788235372512  0.10152788235372512  -0.8371902423422644  -0.837723302038287  -0.8867647940723762  -0.8521159138309001  -0.6949965684282069  -0.7248479114054786  -0.6674107291590317  -0.6798043670915597  0.4850643336420637  0.6229935299879394  -0.4048788288678479  -0.9998800615683949  -0.9287432451341644  -0.9432691218507833  -0.9344736368664086  -0.49772672209343405  
0.0882013899531573  0.0882013899531573  -0.8385228915823211  -0.8379898318862984  -0.8850323500603023  -0.8521159138309001  -0.7664265676952497  -0.7367084896419838  -0.6823364006476675  -0.6985947213763601  0.5770171312059811  0.6046029704751561  -0.4315318136689833  -0.999906714553196  -0.9330077227023461  -0.9444685061668343  -0.9382050547385675  0.43884194879712957  
0.0882013899531573  0.0882013899531573  -0.8385228915823211  -0.8379898318862984  -0.8850323500603023  -0.8521159138309001  -0.7664265676952497  -0.7367084896419838  -0.6823364006476675  -0.6985947213763601  0.5770171312059811  0.6046029704751561  -0.4315318136689833  -0.999906714553196  -0.9440687113948173  -0.9450015658628571  -0.9440687113948173  0.2195595755963602  
0.0882013899531573  0.06154840515202187  -0.8381230968103041  -0.8365239177222359  -0.9023567901810404  -0.8590456898791954  -0.8021415673287713  -0.7545659894587444  -0.6823364006476675  -0.6985947213763601  0.5310407324240223  0.5310407324240223  -0.37822584406671245  -0.999906714553196  -0.9446017710908401  -0.9470005397229422  -0.9452680957108685  -0.0044691693186531545  
0.0882013899531573  0.06154840515202187  -0.8381230968103041  -0.8365239177222359  -0.9023567901810404  -0.8590456898791954  -0.8021415673287713  -0.7545659894587444  -0.6823364006476675  -0.6985947213763601  0.5310407324240223  0.5310407324240223  -0.37822584406671245  -0.999906714553196  -0.9507319575951012  -0.9532639911512091  -0.9499323680510672  -0.8354902977948121  
0.0882013899531573  0.06154840515202187  -0.8381230968103041  -0.8365239177222359  -0.9023567901810404  -0.8590456898791954  -0.8021415673287713  -0.7545659894587444  -0.6823364006476675  -0.6985947213763601  0.5310407324240223  0.5310407324240223  -0.37822584406671245  -0.999906714553196  -0.9454013606348741  -0.9481999240389933  -0.9440687113948173  -0.4813168700501561  
0.0882013899531573  0.06154840515202187  -0.8381230968103041  -0.8365239177222359  -0.9023567901810404  -0.8590456898791954  -0.8021415673287713  -0.7545659894587444  -0.6823364006476675  -0.6985947213763601  0.5310407324240223  0.5310407324240223  -0.39155233646728016  -0.999906714553196  -0.9415366778387094  -0.948732983735016  -0.9426027972307549  0.10143424955738811  
0.10152788235372512  0.10152788235372512  -0.8355910632541962  -0.8350580035581735  -0.88849723808445  -0.8382563617343097  -0.8259959887257874  -0.7545659894587444  -0.6823364006476675  -0.6985947213763601  0.5126501729112387  0.49425961339845537  -0.39155233646728016  -0.999906714553196  -0.9415366778387094  -0.948732983735016  -0.9426027972307549  0.10143424955738811  
