-1.0785440593256914  0.13105817643503667  0.4628423332296153  -0.8088784215836015  -0.07215309832319163  -0.8976003200175431  -0.7941574480379832  -0.794153628574921  -0.2984915797447419  -0.08124908135102495  -0.5346979695066566  0.22972543485611796  0.47272249390192417  -0.3119509248262345  -0.7563683540995747  -0.8509098142317033  -0.8153721370468687  -0.16126841499416636  
0.4800850071776798  0.007780210999600261  -0.43731222344113246  0.3050756989439298  0.8332132687173472  0.806405382276002  0.7680261921807059  0.422594150601766  0.7053166452914454  1.0677328542253655  0.2075961747453726  -0.33113330065434493  -0.2178918017248646  0.10377328996786844  0.6833465997014214  1.1054121366494156  0.28243455189407213  0.7811865198306258  
-0.7093855379428597  -0.3091225007990894  0.0656143846093834  -0.312061225385373  -0.3289654881046692  -0.5686480398917445  -0.9595892218183818  -0.4948014975045828  -0.5703021050630755  -0.5142784395617681  -0.49923957705926725  0.03839708238349413  0.7588534892232508  -0.7643386427207485  -0.46374499632352095  -0.5193519430671898  -1.027042786079229  -0.8292105050081571  
0.48740217171962236  -0.011617446809314674  -0.5606188946664387  0.6049537607276668  0.3442137320750381  1.1553015185237108  0.7984482977979654  0.8176685872354365  0.7201370090069728  0.4644615380087121  0.8900006366182278  -0.5522808858952424  1.4329888794952756  0.3171558795003539  0.5102163306735608  0.8740084871269355  0.30310205017091413  0.9341066420072467  
0.18596161764749788  0.38326936203712614  -0.2821080923790641  0.7780861347800555  0.005613478116847286  0.1330958769813172  0.9246506029440565  -0.18449206155880143  0.17103939697753884  0.7148251577633936  -0.04326013931348954  -0.40804365332249093  -0.8828281989792901  0.6626476011737323  0.9785684470345657  0.3962311001349576  0.6665462077982434  0.7663496953965688  
-0.33457120294269943  -0.5558292638331052  -0.7082431155883142  -0.3504058961208166  0.10341734429691274  -0.5160062445910346  -0.7338484081973531  -0.4546991311289804  -0.2347244304102136  0.3236563131564494  0.39278837973090097  0.5005836604792946  2.9287828094721475  -0.21565599216500766  -0.1339651239475695  -0.196666717098352  0.08108115859241888  -0.4032892043339179  
-0.4058829150009421  0.2697893289083803  -0.41506224385947665  -0.21849281736607012  -0.38697019972711955  -0.8812790372402869  -0.4131278765625308  -0.4544743769081773  -0.7060020810743958  -0.8188093162648716  -0.01114357818153596  0.34234341528685946  0.7387668123502775  -0.3252892951831156  -0.7275595772357866  -0.8311477169228395  -0.7947321586127862  -0.914712873042747  
0.5994233267740333  -0.12485961833102953  -0.1323980269810718  0.5742426938999526  0.5508735866774528  0.44826166894550135  1.0866523144718776  0.2448126292759034  0.8757125244548757  0.9116081645574621  0.8693491080162071  -0.38291901358257663  -0.3919354224783135  0.5504358466720783  0.8154159298358222  0.3882577999352602  0.35740756188987444  0.48572405998029017  
-0.48955842125676446  -0.44714576181599447  -0.8004234210184457  -0.1891076714684777  0.17595315800924974  0.0974461887977123  -0.2852755984682343  0.6168194310658913  0.46587032726155353  0.059271917433811966  0.5446804895940744  0.6945920372865363  3.5765847144031184  -0.26119291427171265  -0.6449513763764887  -0.7435740776850953  -0.4164680861860029  -0.4432288019491652  
-0.7618642457884552  0.32273027300520235  -0.3414516939879554  -0.624820259870475  -0.9132762276549625  -0.36792443395045793  -1.026197192323558  -0.08640429404114944  -0.9221257167691261  -0.7138450847958323  -0.1379185518828726  -0.07713210445389772  -0.2973670420074186  -0.058295452904387965  -0.34077971578226723  -0.822090264644323  -0.5087086662770534  -1.0041140269729008  
0.7532452818654384  0.3982967745459482  -0.5557469125857852  0.8923696013741234  1.0187561373798586  0.6188418590025494  0.49219669078224415  0.1649515925184636  0.9151097447241003  0.5154876065068855  0.5573362243212782  -0.19334904731379468  0.12519981178061698  0.5386048220922085  0.3857185016912919  0.7655850859502681  0.7406904319798264  0.75973437037298  
-1.1019259464894535  -0.43744695771724296  0.4224202671251595  -0.3022423384826544  -0.35107794602591097  -1.0698070392488248  -0.9345267424699428  -0.9496370601936633  -0.5419051297240609  -0.4046252088717426  -0.7355112492453718  0.13631896594824827  0.27994899529275746  -0.18837460701555556  -0.3592692980509454  -0.5233205109556297  -0.9711571158413886  -0.25022685953045104  
1.0556148535375145  0.3036624243185173  -0.19691980134140538  0.8234820271337798  0.2671592771573094  0.538633807977601  1.0950830946086378  0.4424663884481184  0.5997190393201327  0.6735979309327116  0.8936771002893305  -0.3323106113810169  -0.24416262103526218  0.3201295792454525  0.588655740302341  0.4436113902864626  0.644952440578359  0.30035981798885  
-0.5457861716213689  0.31427954697171506  0.28293649246806335  -0.8644283405151735  -0.7377157444736262  -0.8780953314225279  -0.8002669970954296  -0.503909125581434  -0.4020405922365411  -0.5291469997622464  -0.8706908755833822  0.7397214529330645  0.008794808748478981  0.1494737417019657  -0.7299692133107798  -0.8557328266626263  -0.3576067704759212  -0.39207875736324543  
0.6810197952588056  0.3031422304240867  0.23668713026385457  0.645383769568462  0.5167324182624332  0.30704380798999314  0.9191813212093449  0.32271614998054415  0.43094310701221494  0.18191093030920336  0.470117186284073  -0.828350484099934  -0.7146609949218655  0.3882881750327343  1.0127819552351967  0.8173947136472421  0.24536317826821952  0.8105372403163056  
-0.4282510169697162  0.4214022959269018  0.3663158057280198  -0.8006160113898152  -0.5386886607734328  -1.1521262041513265  -0.36571587625805513  -0.17737731044212496  -0.3057415651998619  -0.5225958432075588  -0.9655538913399612  0.03449216262395481  1.0109739198194794  -0.4182222906073048  -0.386871509072254  -0.8892419675319105  -0.5325979951140977  -0.6345796236971517  
0.2812163455052542  -0.5543955554161281  -0.2804694119587903  0.24320765232157243  0.9531071210127979  0.9573536510975518  0.17286538439584703  0.8341860826332784  0.5342242412025774  0.904586741169525  0.7875298159120824  -0.3836442988136449  -0.381789778841521  0.43986271781474146  0.9888900069052712  0.9460486040556255  0.07474267344150579  0.5468727035663075  
-0.6848422152838308  -0.2717795858154759  -0.07457661998925975  -0.9074979206035986  -0.03984328337081617  -0.8325885043145831  -0.9015212209884772  -0.6872112610580223  -0.7249391611652648  -0.1862691747009245  -0.6159096632322008  0.1807134565347085  0.5671712244487672  -0.434848661471544  -0.6312564804425035  -0.29968102051439155  -0.8043993516370384  -0.7549268740963008  
1.0493553397945534  0.2998379332276587  -0.5231081579880302  0.17131324321377445  0.5648333282589164  0.6996672962626362  1.0661174362243035  0.8210739368525203  0.8588094608804229  0.2979813947165071  0.24715492452208424  -0.5854087552049575  -0.40766919962728854  0.07624683881665324  1.1205075141873484  0.32867660328554377  0.3562469074377822  0.4474067754663478  
-0.9441556926156534  -0.24451863920351802  0.4030548945376429  -0.803151183678002  -0.23655847649106534  -0.30080766482750326  -0.8430675344519986  -0.6331604041836711  -0.0940410122932723  -0.659949721064233  -0.6203118569885457  0.31685372237046017  0.11060727334548104  -0.8063513744477976  -0.3771526382644818  -0.6837852918768371  -1.1259015066329987  -0.7438611256182741  
0.042494353752043884  0.06497393460858723  0.29376627081314133  -0.8952525533645067  7.743997271139453  -1.4205590012944516  1.255302795860733  0.402860253431525  -0.8815733313271782  6.553046047248168  -0.3394162270056884  -0.2434077998195484  0.04111119166794828  0.24224099253395714  0.08583140676075778  -0.036314893525351  -0.40227503929853525  0.09780888000794641  -0.08095158898074578  0.44427642715126103  -0.39776675962495905  
