-0.3084609566784587  -0.00484061803434295  0.06248103999037268  -0.5510724857072062  -1.1023663211512964  -0.9563006287214466  -0.8659628288382896  -0.6117666160046213  -0.10762461985886619  -0.14677318350095575  -0.3919018456680958  0.7139496201370432  0.07623535342523553  -0.7458613340588338  -1.2040713258617914  -0.8960556570331369  -0.5143567648957404  -1.113760238922324  
0.9563174409766211  0.09866251891496987  -0.48608334880210047  0.20243780344235984  0.1743714829086136  1.0067721840709623  1.148782872082071  1.0231446818459715  0.40422991404019903  0.5607689115988153  0.11133205034805131  -0.4826244983918964  -0.8121297146732481  0.5786157354586594  0.8206579402841454  0.6016833138288915  1.0146122682558214  0.6619054939706637  
-0.40550001803313795  -0.2557970823454189  0.5260240272734109  -1.0088546218134473  -0.756000973608625  -0.9379338234928261  -0.5607176124557063  -0.900723931831918  -0.06093265597462422  -0.3905961403561349  -0.7312850435000867  0.5643002649292332  -0.05786828564515393  -0.7543824961009415  -1.0472850124378636  -1.1309684888941374  -0.4413715286653754  -0.6358712732604386  
0.6958402207652213  0.23814886573101007  -0.2653374357995099  0.7904763557368097  0.7017733697031  0.8841991700952038  0.40056455696847737  0.22143053096554463  0.3206504182080923  0.9069630937654772  0.6357178269559555  -0.2584042035666313  -0.1120382651081338  0.22719056694525866  1.3466777172837785  0.41430572087308276  1.014138074630471  0.9891910720185514  
-1.0218652927075753  0.1754462016248512  -0.14397810201288969  -0.10593359423771852  -0.30854016905477394  -0.9308274759136955  -0.3231062746368557  -0.8611623885154085  -0.8599221605326317  -0.9915091416867607  -0.8541102396563716  0.3920581390726667  0.5756847426305355  -0.20964385849696932  -0.9624175738074082  -0.2948711539571397  -0.5497932027643898  -1.155897454253326  
0.41982556960696676  -0.1414103004588135  -0.5454590446706823  0.29108673672918955  1.2221326152636756  0.6516120575365804  1.249418319186221  1.1044486793692134  0.44736358153098016  0.7967308302897528  0.6928255414196124  -0.22888348853134285  -0.04667126928588167  0.2584257607878148  1.1703449206574221  0.3648083102653305  0.7629637483544123  0.3667289082120097  
-0.7815254134776743  0.4594062930389782  0.5425287085340367  -0.4196318485328244  -0.8886958699835673  -0.9552602393831493  -0.5139950838604195  -0.4647302157417379  -0.5006152768515878  -0.5093355281382402  -0.661241105957528  0.6451876317376631  0.5050346421807275  -0.5279404088037604  -0.6777324797168246  -0.5179205469692048  -1.003429044366456  -0.8876484924472008  
0.8429711014899647  -0.1983714503387399  -0.0147376514025102  0.16425639504759457  0.8571929407757166  0.7856116071572842  0.8093847236296515  0.35703975026440976  0.13572355998290392  0.8672262892394917  0.9609827767048584  -0.7772363590668808  -0.7202118014455751  -0.043604637957839934  1.1235490474581722  0.9739968920821679  0.19049027818644873  0.8726063401782652  
-1.1132229582889281  0.20531179634547028  -0.20239807669428736  -0.4441494132078898  -1.017961524469969  -1.0131254985672986  -0.4057731051723293  -0.7909734977261709  -0.6782614076770761  -0.3764969991992999  -0.5934244357933265  0.5528104081376111  0.616671839714233  -0.696027924322159  -0.6135663126930504  -0.46410656558468144  -0.4697470858129953  -0.9091430913288873  
0.5487246791209643  -0.24665298845647204  0.19738242397849343  0.5654302432875075  0.45358985593540285  1.0580273605682675  0.8759037549121949  0.36367318419534866  0.7286619073849849  0.8801146753049599  0.5138103374300522  -0.7723085974631366  -0.6815381266194415  0.12652238996236168  0.7510520357974  1.0086432040340556  0.6162690730201058  0.6096105399225041  
-1.0851180548295838  -0.2039130208016716  -0.20423764562056235  -0.7512657043176727  -1.0601348051556105  -0.8361522471802151  -1.089768583639073  -0.650786767599011  -0.41577318831893445  -0.2494628275051997  -0.15619618441785432  0.8097205007431676  0.8620490128759154  -0.7856396783403312  -0.3832437586012934  -1.1090913467616244  -0.44772634979071313  -0.19009545297512126  
1.1888730544014792  -0.43922034626871737  0.4193627475806053  0.9675932266093317  0.9467633207663028  0.35057450016054426  0.250841658692196  0.8975626148997592  0.1413165717283668  0.025688065484090347  0.5411699876455202  -0.35773177745470175  -0.27073801928194197  0.15094639095696732  0.9751057878040175  1.0372464293772148  1.0041041160187358  0.7931404126639292  
-0.7626928112075831  0.023781224184245803  -0.12688846328538717  -0.5359017761377629  -0.5128407987959601  -1.0001750826917504  -0.7619814300022296  -0.2605401677724038  -0.6601673224752879  -0.8260195693684806  -1.0757084894547086  0.9229449266233507  0.15195223878583167  -0.04991482488508889  -1.070029013368668  -0.5036480122649776  -0.3726926399710461  -0.8637458466519531  
0.3546635347148764  -0.2883528162826808  -0.08627163259961015  0.41696536824369074  0.9881953608481241  0.34857368852074233  1.012845694063758  1.0647721282974039  0.6346080702712129  1.070312197326687  0.2622967503873671  -0.5431958765679993  -0.9555744396548629  0.1981876052916674  0.48187736900163847  0.6942395393452184  0.45630490565951415  1.222274495682544  
-0.41647397104974604  0.29824220780485583  -0.3700055930153806  -0.6235379406252518  -1.1963208424323786  -0.8582071688121857  -0.49286090835670804  -0.8733145896533704  -1.033723365132249  -0.9241880048705587  -0.7228365538584617  0.6129434189732217  0.2129103353453863  -0.08553122575997252  -0.7386611984875221  -0.42925020326456015  -0.7061843780374754  -0.5707389377697524  
0.759473422716713  0.12386198419290852  -0.09476901234862002  1.0028397350776275  0.6744521755721744  0.7518111370104111  1.1259608117030417  0.41585869565776606  0.019166170789368206  0.7068314614945618  -0.08437670340036563  -0.476409191177289  -1.607638375543041  -0.14254277036722568  0.5493063608273985  0.6917049454627398  0.3024792568669039  0.9543644426464875  
-0.3137141360281797  -0.8756237570567088  -1.7041299133768122  0.30367996225122235  -0.0830564988948444  -0.0562528413392135  -0.6148816632200562  0.9649093692050293  0.26728288294772673  1.164180255141345  0.9966540735382259  1.9003511542513645  7.792058948065667  0.23315899544691146  -0.24913785956497667  -0.10079091125186043  -0.45773828189582727  0.2669507158903859  
-0.8899472034233796  1.4006365016494537  2.7350509621257566  -0.7729020087730619  -0.4750047332104783  0.08455823932203024  0.16341416327316813  -1.8813006129212966  -2.370143608543403  -3.4806950324697534  -3.141175747386067  -3.4603296874445006  -16.54109359904539  -3.082896113463179  -0.6811150992783829  -1.0756431739236954  -1.6009000202016008  -1.53378116573064  
0.7670784802573288  -0.5636178443280692  -0.4824875744142124  0.6619415062635498  0.30852649712393404  0.7935862035298764  0.599621619296312  0.8682599864160494  0.8462782343934329  0.6042725654213735  0.5504063431849775  -0.38050065408336414  0.2559673380914968  -0.08717618831739493  0.4472462721789577  0.4730268416381939  0.7190871237535913  0.969959579968955  
0.33479148866015074  0.11141595547367387  -0.01573047198809134  0.6315760996294937  0.4996907697702938  0.3706011003517672  0.5139151554322665  0.08746141026459496  0.19384211181594982  0.14456624837048132  0.6967488601007857  -0.9812604942723467  -1.636882800662733  0.17744701978430022  0.8613243784885032  0.03243978742375828  0.7212694034578132  0.149526450097454  
1.0443866243693487  -1.1882971037813426  1.2539839343715122  -0.6742033084132982  0.42529035475004495  -0.8810813228237366  1.7268766311099273  -1.1401866211301777  1.3822868013727883  -0.9454639038101882  0.6965799256833822  -0.49213228117966284  0.8279864701766331  -0.6705714209074974  0.647511939787731  0.38233923415160254  -2.9481231862437056  0.9487807367283013  1.1621256010389303  0.05185657583160856  -6.335565537270582  
