-0.26361141688174916  0.21437261410733485  -0.35349228223274104  -0.24882205545423552  -1.0673487690147168  -0.6876553424245649  -1.0667101274115929  -0.8751285617014655  -0.6101709909585259  -0.20838011955087418  -0.160690046855318  0.006430507484414988  0.6164084824421775  -0.7759686374765783  -1.0366733913028443  -1.0141804967069004  -0.823370090662836  -0.6393989882517426  
0.2616678169048098  -0.17277922554058736  -0.4234647912730171  0.43899527702658236  0.4706470115434867  0.4417836884595808  0.3390229808192664  0.47407305680889666  0.8485315220526838  0.23973200301758651  0.9168995561597634  -0.4709835494132632  -0.8520024109674418  0.038183459550454255  0.786737434274323  1.1989459486392207  1.0289639203150829  1.2000965119369176  
-1.0187502656012752  0.1522104305538629  -0.32463969586190206  -1.123179771746051  -0.35138996410070783  -1.1627893869912502  -0.2116996279636667  -0.807508039969866  -0.4710587208282777  -0.09810293718854828  -0.05935545462902288  0.40812501319406996  0.4944253627323668  -0.2050797695830771  -1.0100447068527167  -1.1929421173444432  -0.6332529304936997  -0.5016072625472515  
1.0398835247460878  0.35991804612274586  -0.08372288157704287  0.6761901740983651  0.7826001377628935  0.8175981079351353  0.9196074886769104  0.2380141785032157  0.795426347720297  0.9155368841714243  0.1698218365239099  -0.15345103803212798  -0.6168401316029032  0.4914844901502736  0.3559588978187488  0.8196990955935614  0.46546211671433  0.7645590385675661  
-0.560172334232087  -0.15027942839824995  -0.020262445391090667  -0.8507043353677674  -1.1909973816662545  -0.3733136820205867  -0.34797475937463235  -1.037526249165156  -1.066423483814641  -0.48455266943160735  -0.4786523379094396  0.11462589579519296  0.413955786877953  -0.5819081431863244  -0.4266291073110093  -0.8219573262586628  -0.8187304429208421  -0.7359783671647532  
0.7083710654907929  -0.860527395432415  -0.4584330579294585  0.562280873734554  0.8388755990678555  0.3742502889936912  0.28563009964992486  1.2004264915180403  1.2099653393180991  0.5914754778388298  1.0052024907349002  -0.004352407364396334  2.215460002424421  0.12544096158545667  0.9193494803294153  0.8296161180554799  0.38713639907541864  0.8184196745078622  
0.1837663298543163  0.047430422861638975  0.2709060039924956  0.11781681756386765  0.6538137960274862  0.37654640712103726  0.8822620471804407  -0.22424768735451847  -0.35603238204640525  0.07359540069560759  -0.29988788882994555  -0.4387828849899951  -2.3804741811748347  -0.3329011910199863  0.29461903958436  0.6494146709644774  0.5306849159003371  -0.2513549031451626  
-0.40716933513929476  -0.21909628915918525  -0.19771805091788175  -0.3983972510255388  -1.0875543171902236  -0.4546590093441516  -1.0176277124549953  -0.8921169664158924  -0.2724808937512152  -0.29190210803447364  -0.5510939666896525  0.19298048445502608  0.33358293113999893  -0.5991100823312341  -1.209587785989353  -0.6214976094679414  -0.8327998262493649  -0.7994864871733655  
0.6534365625663355  0.1529238176820268  0.08131188781179641  1.0241125350184805  0.45874318664809777  0.45538375358811856  0.49693894005949674  0.577898827998248  0.6419681634233386  0.5972748626677481  0.8041636225453895  -0.11582189102416461  -0.48588900837255816  -0.05720862020728951  0.739621122937445  0.8523783380188408  0.869765930616032  1.0289262989736527  
-0.5940947652130213  0.5075353901980715  -0.2536093643246368  -0.24884557212786665  -0.7510153736690917  -0.6896185240974783  -0.5932478301265985  -0.6312179003973286  -0.41507174776570704  -0.45314850526540507  -0.16550165530835612  0.8549239832816594  0.6249310541833663  -0.7549261842193737  -1.1674970956722823  -0.9578492523291147  -0.6157495118280533  -0.6126741084902296  
-0.04102170218807466  0.9169510790002352  0.8669618072301263  -0.045546911611784244  0.04598271935339547  -0.3099444957091919  0.7992799305272537  -0.28821470266769156  -1.2145130478298207  -0.3614832383628812  -0.9080548762430163  -1.2170020473006806  -7.448285763611486  0.2210775829536036  0.10211202940324524  0.3135579588362454  -0.3925247383572297  -0.23421727212160653  
0.51539660460037  0.2121190827003925  -0.38984572453246136  0.8895976528605823  0.914839178965597  1.11148906065715  0.5483074824252266  1.0068685066747975  0.29882444900465893  0.558918817091572  0.08642173950955484  0.047077907507612766  -0.2031935594737714  0.6385669436409688  1.0849590696886162  0.5153172564981777  0.39690188540912547  0.27938692165103  
-1.010308060213694  -0.199523624092493  -0.4413017847387579  -0.1489839815962468  -0.6138339399346416  -0.3905398036954312  -0.37963902703368574  -0.2248218519096563  -0.9402170549132047  -0.9633867367717918  -0.08423176904320395  0.0756047236581648  0.940413289821292  -0.03277592958838029  -0.6209269439034544  -1.0899021405620908  -1.0470614550766726  -1.1593931309448327  
0.33816826792128074  0.17738343232956394  -0.21449149124204972  1.0436879712916107  0.18411262582981133  0.9345313297015434  0.22683922746996232  0.784166724776681  0.5589004651636293  0.7405757139252616  0.15748430602209343  -0.7467057799673861  -0.42984316941060985  0.34926625444055764  1.2968338759259117  1.0439933038787141  0.6468160116847178  0.6276936141370355  
-0.739588147063489  0.008881460391566247  -0.03973985688355016  -0.6979590470118819  -0.7730454194264756  -0.6472451011325208  -0.9506562331529326  -0.7489013074632461  -0.62406145261357  -0.49938462708242876  -0.3136495479531387  0.741027122938707  0.9201856486446547  0.2404268440391459  -0.7552962228871271  -0.5338330942856088  -0.7216431278146864  -0.280708690005308  
0.8419327336306709  -0.3651701824085837  -0.027607905986111663  0.4888685070249781  0.6980378781449408  1.01542519754139  0.5688684652927576  0.47627980499182837  0.39430616627516196  0.8952196039604365  0.28208241533309125  -0.7064663402793011  0.034482117740979534  0.06221644395009473  1.0401837047690068  0.8850184835815798  0.5362183777828878  0.8465192574661654  
-0.8776161428297676  0.39416052108447347  -0.13102688798930792  -0.8997018883688656  -0.302251489045842  -0.9389315663970683  -0.2593691118724201  -0.39815562727629067  -0.23241191038265765  -1.0003878406860298  -0.8269354856540264  4.730848972636576E-4  0.06966858758394287  -0.663890946807084  -1.1610937303695552  -0.4216936750137832  -0.6135763992076568  -1.1166830517956667  
0.7779450677351328  -0.4590340697768841  -0.5037282734457093  1.0513650605873508  0.8667777194259014  0.5972807568921488  0.2859287360176171  1.0878672895577213  0.5960003376440245  0.533418940219269  1.142832983442001  -0.11754767095422068  2.4666663692441393  0.688165136684706  0.8939657091239026  1.2469892734129226  0.5995811320500559  0.49847321333377587  
-0.039471811280278546  0.932282913942271  1.0313666934848935  0.068678453153979  -0.05196165139142423  0.4062748595201031  0.7841224320818744  -0.40538254131947954  -0.4800853584674798  -0.1932088372634689  -0.4239164679966876  -1.1676120621803503  -3.9670349641931923  0.06619354795719697  0.5881024507084583  0.7401609082649454  0.12335860895308517  0.27876760154655295  
-0.4745119277329551  -6.082949149556193E-4  -0.20020460303288917  -0.7853090900910314  -0.5057744464319364  -1.198235992253632  -0.5313187116403318  -0.8976020408117862  -0.16598967675242968  -0.4711259064343182  -1.1080532206101679  0.20399540412201092  0.49181533015146417  -0.23632421076079352  -0.8871669053874196  -0.49344230529257754  -0.7701522753530529  -0.6992134706420781  
0.03547287290930545  -0.04078699673652327  -0.10397827859324157  0.43461859986988466  0.14781959226560326  -0.8215569511407833  3.6449307938159397  -1.1513863429688307  0.8483004315239133  -0.9995876788169509  2.3729313968635517  -2.3662893869544246  -0.4284574036315074  0.38168971156594667  -1.2127862469123807  -0.15517173410390844  0.5949921196126808  -0.4717579447807  7.51196648273333  -0.7947663725170374  1.2249450382708253  
