-0.8695914685328529  0.27326072215243463  -0.1944266759956832  -0.3711989131375638  -0.8913428339689571  -0.7544105347976924  -0.24263448706192878  -0.8494290779827574  -0.48090094116654053  -0.590951823736685  -0.9217096913538289  -0.03231013860522393  0.33479515567738527  -0.4202162308220304  -0.4718638787178781  -0.9507534118458548  -0.46847246347369853  -1.0695952777482578  
1.2969213251614053  0.4106352721309432  -0.33396493393700727  0.836769031348322  0.42923886677990863  0.5673099128975795  0.4735186542251915  0.44333729099056196  0.5448104203868017  0.44689710631416596  0.2951507529287311  -0.13766726731457354  -0.4080729815875192  0.577782203794791  0.5924792925765682  0.8122632584993864  0.8612709760343992  0.829593345237576  
-0.7146924771154114  -0.3045567994871557  -0.38015113219177754  -1.1449561922644709  -0.92455493637446  -1.0003900513245116  -0.45203123126712225  -0.7621581028399091  -0.2788965832631484  -0.2662884564064453  -0.7168034237151842  0.18337269282217036  0.27880279860403584  -0.26329817985156706  -0.7550830947132233  -0.3933158275006096  -0.821756500476716  -0.6275997504741606  
0.5880391308316975  0.177583151697154  0.8541107863962757  0.09842614055396921  0.16303534993009955  0.4528091487717497  0.8281476766479535  0.6734782260512093  0.5005786010183675  -0.09288829850626315  0.5142776807867725  -0.2887533047613191  -3.401252301188312  -0.43314657511358956  0.35233374000562456  0.3115406146866895  0.5747105963854717  0.4365089622602215  
0.10736115405934127  0.1151589371656084  -0.18816368699552288  0.08567468015409403  0.7125180005916207  0.22780235765820792  0.004533447635069191  0.4057116831352965  0.3792437217347391  0.017875553207596366  0.7733656552963645  0.007797767637297313  0.4576415880892044  0.013273808260428005  0.4881625388250992  0.5881258802999457  0.2944144047020951  0.7404924424012935  
-0.35787986782746883  -0.13793581122422813  -0.4144462981232377  -0.7496279144347996  -0.23568830409305053  -0.2995135756059395  -1.0013599742719792  -0.8504689521061753  -0.645012902207616  -0.8803907998527213  -0.7691433374432249  0.7132279100635245  0.5079208369337623  -0.6558713846349954  -0.7464207784478846  -0.4210716344362871  -0.4629285649278694  -1.0249043688339499  
1.031868644856304  -0.004230412046951233  -0.26583494269145336  0.4775532904177041  0.4967617830872606  0.7393967723622442  0.4136039792012171  0.7498325917547812  0.5956141286075491  0.7815255010296048  0.6566720442435258  0.07243454192495685  -0.6176688074908987  0.5994870966776136  0.9845850668347899  0.7845953427458748  0.44957025589448146  0.4295621501937065  
-1.2590873257183997  0.5551056579797533  0.4712744695318687  -0.7538609669382265  -0.23601793828002712  -0.2920561634525476  -1.1977842372894962  -0.20330674935119478  -0.09145394630677671  -0.4600113929651416  -0.9605334960071568  0.23063132883088136  0.10801575344191279  -0.19172275100406772  -0.8404810498818615  -0.4134433439513615  -0.9256774879892106  -0.9987014405341839  
1.1421975325739566  -0.2577332650062798  -0.2750508770015568  0.6487655144558732  0.8872065189454414  0.5031466323814384  0.5691532145742559  0.09037550786780182  0.5927076874035493  0.286534209495416  0.5334675475837392  6.556999978886379E-4  -0.3891702468289501  0.4060267413638049  0.6862007559659787  1.114064597711081  0.6432560824431158  0.8398228168468393  
-0.6272840667401137  0.33295154113214925  -0.14396460389969926  -0.23894837149601295  -0.3518155306316259  -0.561370949450725  -0.5598385863281715  -0.46713421984592074  0.047355996883851746  0.054278512632453084  0.027586147495858693  0.8693751887115077  2.3294523275208037  -0.18560415147491158  -0.29347946718978835  -1.1857500590883492  -0.40605896447792106  -0.3488074347051628  
0.8429494632195342  0.41418304699178643  0.20785563130015733  0.8322132549988195  0.5431589946925873  0.3350470849105528  0.5132783163773512  0.2590882814356249  0.032268262923862326  0.7063780487612855  0.05165792148548369  -0.11841079582999274  -0.4632549825332358  0.24224869025584025  1.104347327935765  0.9519764149856247  0.5356551833829583  0.48557588807811597  
0.46755725746675636  -0.3909907295191338  0.06930537706951834  0.4463169802503995  0.3626904337859712  0.5524489963913446  0.7226730453178459  0.6558807232717767  0.19032745980200014  0.4136795018128792  0.9981048595429174  -0.7282112269918171  -0.3540458071446382  0.07713113101554457  0.5697929225949613  0.4917581349567377  0.8945389327814973  0.5923768752679521  
-0.41628757829086993  -0.5601410559798258  -0.3218594216880848  -0.8073937145948042  -0.3435169881773618  -1.0398154758777718  -0.6397183620456935  -0.6082968536241796  -0.075740406756284  -0.025995549593221954  -0.43314183305047754  0.3493772953052924  3.1695055512603223  -0.048526458318600973  -0.5382241014996981  -0.22367131337741247  -0.4721570966234092  -0.164032512186773  
-1.0872677897301983  0.5282236887462401  0.553085714278101  -0.30640809361873406  -0.6613089690660743  -0.924024559531225  -0.9720056794111636  -0.15284033672429104  -0.19731220702871516  -0.7660147508698248  -0.547230274249302  0.5660955801285336  0.11981779336105057  -0.021905303636980043  -0.21256122896017118  -0.9065015703162248  -0.7421617122058211  -0.2725318817719032  
0.9459551826344212  -0.49200087787205943  -0.04895573667110256  0.41517437101719884  0.9620836541464949  0.4877682051404291  1.1369841347141658  0.4992938444351213  0.6946941867945851  0.11733084493683439  0.33987621051108097  -0.5489611575646189  -0.3522219225969228  0.5208544345236951  0.4985108460612826  1.214903623539257  0.6193132983117545  0.3487670478471874  
-0.5314546552085396  0.48195383061876435  -0.25418098381724347  -0.5226253231505897  -0.6380882940478841  -0.8412460055366332  -0.2686908378091398  -0.5967428412231606  -1.0173889202078918  -0.4313452891590884  -0.974225321620696  0.31285023759840674  0.8750714673519472  0.03984408397261076  -0.5099020829444441  -0.2648128042867684  -1.0794508230234952  -0.9808955660842827  
0.6692242934451836  -0.37261696975067704  -0.7368684977965194  0.9995394191606124  0.20955703634843623  1.038710208474699  0.7480965667679306  0.372630300976251  0.5286187243442261  0.7489034972111098  0.4169553599148061  0.11997543920760063  0.8913824970603476  0.5627199607855945  0.8356432672585857  1.2113005010838374  0.4627745668231429  0.6190162627453498  
0.8278241475915437  -0.09760023638810127  0.047575689559381754  0.16253300523934872  0.7003431254895424  0.8032295507104101  0.6125245057504984  0.11376232098539427  0.40039465085451725  0.08434352161026192  0.6992273015962989  -0.15185521443802966  -0.5975551845995766  -0.0709070694118792  0.5708165035418845  0.7428646783336589  0.9612989651797684  0.08259031127532697  
-0.6570362064163171  -0.25455597791982776  0.211950186221701  -0.7959358510936592  -0.591602687943651  -0.36868510814097594  -0.8854967408740316  -0.3194267949486097  -0.42170400274658726  -0.985637192297462  -0.5096305749684349  0.6272513546817339  0.6602068211065715  -0.32475566933975875  -0.7690230917331472  -0.31464615925171435  -1.0479833943716137  -0.6625187473551502  
0.5668531218786204  0.2442833795880997  0.18928411155239158  1.1605683150731765  0.35313818320420187  0.4892302936188874  0.916438219779975  0.6846457815670126  0.6451029341126089  0.7404179036317822  0.618664188598494  -0.3350379534166766  -0.4999591233230203  -0.10062007811181094  0.8671401034330045  0.5068506074624578  0.8516457412964289  0.5579342090512887  
0.11570576555020773  0.036455266919693974  0.007237628692318573  0.674550273726198  -1.759237484198221  1.2804951027806444  -0.5944851039731481  0.3790847814700651  0.20754317558777063  -1.3341031836442963  0.24219003379435022  -0.7559748877924809  -0.4114916690974677  7.731170217013125  -0.5918540092401843  0.7115515470953295  -1.303326799068264  6.736692096249656  0.6529202817189526  -1.055042126707927  1.0430410334653102  
