-1.1008137068068287  -0.0951571989137808  0.23550233678552063  -0.1837170530518903  -0.17718547074513585  -0.6965368819509613  -0.7131473632454125  -0.14529467372675328  -0.9111417904058159  -0.1370738455613068  -0.5553444939933262  0.27853981639446646  0.13517794985152198  -0.14488264779958446  -1.0605112964106096  -0.6559610136176584  -0.48848044267430407  -0.6025447346014348  
0.17513008862466184  -0.3672193092382215  0.37880091723222536  0.8365903948222773  0.07028984231716053  0.2661786238618298  1.0013137886505232  0.8981515063801105  0.7286630641474269  0.48858913463647824  0.27655439205643495  -0.44070781689081107  -0.28671664737693503  -0.17539573993913174  1.089132469817312  0.5362631513702086  0.3740293343358476  0.9125754468962919  
-0.7008597105153638  0.2437692838598006  0.33325787103330007  -0.8706529165036654  -0.6306055802501336  -0.7704597801422219  -0.4736750841398455  -0.5433376570572963  -0.6149705268958057  -0.08737494758658601  -0.32882581593186816  0.6844241083478887  0.6216817672156668  -0.4045739111166717  -0.40669951939602  -0.24205234950440174  -0.9994907613964216  -0.22959297191841063  
-0.640260200857759  -0.07677697309960277  -0.6843529453694842  -0.4702135784074899  0.29329251207756424  0.25713812920358303  -0.2645696219732382  0.05491936541172091  0.2067921265480629  0.19830443499330774  0.13061118191433416  0.4609078878133722  2.6361303085232684  -0.05658541057180412  -0.5236966483289998  -0.0029966280628820046  0.2931388756963153  -0.6333862629881954  
0.8246856100504268  -0.21210721841773553  -0.4120332069109322  0.4906422388506112  0.9330106231250183  0.8424067609216005  0.4536278140296498  0.8827753406140123  0.5019618111029216  0.2895683940115236  0.9104429630034632  0.07024963324830638  -0.359586317445911  -0.18369860837098434  0.6239728917439398  0.5998472110911784  0.503485848813891  0.7420405418777699  
-0.8603298116076769  0.10396059573165486  0.35695657941088144  -0.4891075703442195  -0.1065311667034992  -0.45647472670887496  -0.3543099178498831  -0.4546353177089558  -0.047573689974753766  -0.1237248811721125  -0.4012896916197876  0.3216240351217363  0.7619382055382491  -0.6926216037548396  -1.1224560064617646  -0.7704358172148886  -0.7158943840952673  -0.5458846780091643  
0.7210569557165144  0.2893236885030746  -0.19689132487775368  0.4599074766629197  0.42841102367876255  0.8649210707155118  0.3207927998340387  0.39654446144519756  0.33571212930580313  0.1031678966522259  0.686185875140358  -0.5978799266378793  -0.4052983537349585  0.2281695753788263  1.2523160473118047  0.5175519582564299  0.275928261363301  0.6687802713174823  
-0.46550200524554  0.10516205212281668  0.12868410122196106  -0.6590438785443992  -0.17559577261996379  -0.0436374671480864  -0.9406669472011335  -0.43554534502570186  0.1879694749502564  -0.08383631703114305  -0.34455018677443777  0.842629455148598  2.2966740037465896  0.18667025038310053  -0.2849379444918701  -0.2688277394017966  -0.2941930950108852  -0.8353205316608162  
0.6638680762080793  -0.20451075275123579  -0.2093231808365499  0.0806843135640379  0.6637935949635674  0.6067509350457236  0.7394539425980109  0.3389913483299703  0.22399152068000935  0.4684501589036778  -0.07472749159083696  0.05254753564877713  -1.8041436870124052  0.5059882262933881  0.2594919531795517  -0.05546570486616973  0.7612514172717718  0.208169861609657  
-1.0590316110499334  0.2687775821928204  0.17580776711376017  -0.8490937097501151  -0.8293840524904976  -0.26363711165435083  -0.33076534231107846  -0.8815124979850204  -0.2901854282073863  -0.4404131019658215  -0.21333704445353016  0.16183788301014584  0.14073068110425474  -0.0803093152682985  -0.7961194440256227  -0.41431787594839004  -0.21032033143379306  -1.1272309467238653  
0.8570808207639932  0.42685166518173545  0.15968393140905937  0.9597086247273873  0.5057630540942084  0.6449827155216467  0.3272661653186862  0.5492419956063949  0.16777040621905134  0.5187814561836361  0.07735715278843826  -0.17243174144991558  0.22633349704021558  -0.10600201439887406  0.8717035039283246  0.9749345652645036  0.9143504562987708  0.4062925135691103  
-0.02820007258076994  -0.3208073201262527  -0.14247107109541263  0.11459897216250334  0.4423285241771577  -0.030908771954379955  0.2300197240145445  -0.09239389666043547  -0.4140654519894193  -0.3118232696542893  0.41001927654480663  -0.8655437868359809  -1.8057011296518757  0.45668032183157214  0.547873301238906  0.714584446027695  0.28248232845305243  0.5295093276708392  
-1.0549916865048858  -0.4652345092141343  0.19159515442504746  0.022662695354307677  -0.6965085890134523  -0.5262004462435871  -0.9844802017924242  -0.08252535676098637  -0.429360537480092  -0.2777615929309375  -0.7255768954292297  -0.1098941199145868  0.7887746229446297  -0.6769615438414138  -0.4623235401887818  -0.11991860083431093  -0.8052129840450487  -0.7630580616770417  
0.576972253677088  -0.058908860708819226  -0.19533486015524618  0.3937603680366308  0.48147451822651977  0.8660347288835393  0.4619193517275499  0.7675307689011287  0.3309515310836044  0.275634766616165  0.7110791633127879  -0.16056571043707119  -0.23797106800847215  -0.04880748126508661  1.295914490392482  0.2855910881126152  0.39384192387132544  0.74616653018332  
-0.2993579797093072  0.6176669678771389  0.3989709959195807  -0.053025585189948085  0.332713617614833  0.19287815769908292  0.13488704254340564  0.09964456049596973  -0.3880729618256954  0.22493746030259346  0.2669106303024148  -0.9033046652487613  -2.9438340267681866  0.5029099604605816  -0.03146170872195637  -0.16910918602422537  0.4609157278425504  0.08894938745159182  
-0.3184314101915566  0.25937081492869624  -0.053386081076253374  -0.5695230135487386  -0.5400203076605876  -0.21662383299942004  -0.5341940682481683  -0.5686746887010944  -0.17218795818746907  -0.2916194945607192  -1.0047805681143123  0.49552101796399145  0.6191024083399097  0.11259726257345802  -0.44695589304414646  -0.6552521575024335  -0.5957941871981586  -1.152281650833756  
0.8290603198242757  -0.47795530223880095  -0.03956376879452681  -0.018894994341682902  0.5024950556249624  0.4044644555473765  0.75650163707589  0.816061539176856  0.46427963665395566  0.680331313487162  0.7661155663453381  -0.6182365826607271  -0.18932721118258136  0.626494864886139  0.17013348392400907  0.48259067965232777  0.7038678397507581  0.7142138050183089  
-0.19059554404076381  0.48769877488589797  -0.40215107286080004  -0.7880391775957281  -0.7879145490003864  -0.6772123994469477  -0.8397713830513545  -0.6208016643694685  -0.014609018974804693  -0.8154472277015525  -0.19177945166337343  0.012216765706983417  0.5028716569115874  -0.017793183835364514  -0.28789828702579684  -0.7780256258879085  -0.9787530608843972  -0.821624310074175  
0.9387497051470929  0.42834110239596446  0.3984358292745301  0.9248529642194004  0.2520787164347015  1.1116898664589847  0.19614186951049473  0.7699723623783307  0.0720980588470368  0.9997919962854227  0.34038216825498374  -0.054002588695637184  -0.13833130354014364  0.4793861545116282  0.390743033301288  0.8236480940234707  0.3458233878990839  0.5236508337602137  
-1.0326232730980605  -0.2454338761339419  0.5133014494977342  -0.3568588321338126  -0.6956227937446193  -0.7315590722225669  -0.2741217635678351  -0.6563741994180652  -0.18879126443320568  -0.7550689170031021  -0.31443501834741516  0.4672433262807252  0.4955121468534894  -0.6776163384144092  -0.5901648075075754  -0.6826136568507892  -0.5621012136605171  -0.15723026356022426  
0.6003274130668248  -0.33971817085117356  0.8734355345271692  -1.7217723073458429  7.0241681098256  -0.6137631602048493  -0.32491071172258607  -0.19140533608263535  4.983539120137148  -0.37744391620576023  -1.2111261280189114  3.0191599809844942  -0.2787701130585877  -1.3144837354974006  1.8326792999049073  -3.26668645417087  -1.6921371305670079  1.7097995629882807  -1.068831773948136  1.029580746060619  -0.9366710811204678  
